1 1 1
2 2 2
3 3 3
4 4 4
5 5 5
6 6 6
7 7 7
8 8 8
9 9 9
10 10 10
11 11 11
12 12 12
13 13 13
14 14 14
15 15 15
16 16 16
17 17 17
18 18 18
19 19 19
20 20 20
21 21 21
22 22 22
23 23 23
24 24 24
25 25 25
26 26 26
27 27 27
28 28 28
29 29 29
30 30 30
31 31 31
32 32 32
33 33 33
34 34 34
35 35 35
36 36 36
37 37 37
38 38 38
39 39 39
40 40 40
41 41 41
42 42 42
43 43 43
44 44 44
45 45 45
46 46 46
47 47 47
48 48 48
49 49 49
50 50 50
51 51 51
52 52 52
53 53 53
54 54 54
55 55 55
56 56 56
57 57 57
58 58 58
59 59 59
60 60 60
61 61 61
62 62 62
63 63 63
64 64 64
65 65 65
66 66 66
67 67 67
68 68 68
69 69 69
70 70 70
71 71 71
72 72 72
73 73 73
74 74 74
75 75 75
76 76 76
77 77 77
78 78 78
79 79 79
80 80 80
81 81 81
82 82 82
83 83 83
84 84 84
85 85 85
86 86 86
87 87 87
88 88 88
89 89 89
90 90 90
91 91 91
92 92 92
93 93 93
94 94 94
95 95 95
96 96 96
97 97 97
98 98 98
99 99 99
100 100 100
101 101 101
102 102 102
103 103 103
104 104 104
105 105 105
106 106 106
107 107 107
108 108 108
109 109 109
110 110 110
111 111 111
112 112 112
113 113 113
114 114 114
115 115 115
116 116 116
117 117 117
118 118 118
119 119 119
120 120 120
121 121 121
122 122 122
123 123 123
124 124 124
125 125 125
126 126 126
127 127 127
128 128 128
129 129 129
130 130 130
131 131 131
132 132 132
133 133 133
134 134 134
135 135 135
136 136 136
137 137 137
138 138 138
139 139 139
140 140 140
141 141 141
142 142 142
143 143 143
144 144 144
145 145 145
146 146 146
147 147 147
148 148 148
149 149 149
150 150 150
151 151 151
152 152 152
153 153 153
154 154 154
155 155 155
156 156 156
157 157 157
158 158 158
159 159 159
160 160 160
161 161 161
162 162 162
163 163 163
164 164 164
165 165 165
166 166 166
167 167 167
168 168 168
169 169 169
170 170 170
171 171 171
172 172 172
173 173 173
174 174 174
175 175 175
176 176 176
177 177 177
178 178 178
179 179 179
180 180 180
181 181 181
182 182 182
183 183 183
184 184 184
185 185 185
186 186 186
187 187 187
188 188 188
189 189 189
190 190 190
191 191 191
192 192 192
193 193 193
194 194 194
195 195 195
196 196 196
197 197 197
198 198 198
199 199 199
200 200 200
201 201 201
202 202 202
203 203 203
204 204 204
205 205 205
206 206 206
207 207 207
208 208 208
209 209 209
210 210 210
211 211 211
212 212 212
213 213 213
214 214 214
215 215 215
216 216 216
217 217 217
218 218 218
219 219 219
220 220 220
221 221 221
222 222 222
223 223 223
224 224 224
225 225 225
226 226 226
227 227 227
228 228 228
229 229 229
230 230 230
231 231 231
232 232 232
233 233 233
234 234 234
235 235 235
236 236 236
237 237 237
238 238 238
239 239 239
240 240 240
241 241 241
242 242 242
243 243 243
244 244 244
245 245 245
246 246 246
247 247 247
248 248 248
249 249 249
250 250 250
251 251 251
252 252 252
253 253 253
254 254 254
255 255 255
256 256 256
257 257 257
258 258 258
259 259 259
260 260 260
261 261 261
262 262 262
263 263 263
264 264 264
265 265 265
266 266 266
267 267 267
268 268 268
269 269 269
270 270 270
271 271 271
272 272 272
273 273 273
274 274 274
275 275 275
276 276 276
277 277 277
278 278 278
279 279 279
280 280 280
281 281 281
282 282 282
283 283 283
284 284 284
285 285 285
286 286 286
287 287 287
288 288 288
289 289 289
290 290 290
291 291 291
292 292 292
293 293 293
294 294 294
295 295 295
296 296 296
297 297 297
298 298 298
299 299 299
300 300 300
301 301 301
302 302 302
303 303 303
304 304 304
305 305 305
306 306 306
307 307 307
308 308 308
309 309 309
310 310 310
311 311 311
312 312 312
313 313 313
314 314 314
315 315 315
316 316 316
317 317 317
318 318 318
319 319 319
320 320 320
321 321 321
322 322 322
323 323 323
324 324 324
325 325 325
326 326 326
327 327 327
328 328 328
329 329 329
330 330 330
331 331 331
332 332 332
333 333 333
334 334 334
335 335 335
336 336 336
337 337 337
338 338 338
339 339 339
340 340 340
341 341 341
342 342 342
343 343 343
344 344 344
345 345 345
346 346 346
347 347 347
348 348 348
349 349 349
350 350 350
351 351 351
352 352 352
353 353 353
354 354 354
355 355 355
356 356 356
357 357 357
358 358 358
359 359 359
360 360 360
361 361 361
362 362 362
363 363 363
364 364 364
365 365 365
366 366 366
367 367 367
368 368 368
369 369 369
370 370 370
371 371 371
372 372 372
373 373 373
374 374 374
375 375 375
376 376 376
377 377 377
378 378 378
379 379 379
380 380 380
381 381 381
382 382 382
383 383 383
384 384 384
385 385 385
386 386 386
387 387 387
388 388 388
389 389 389
390 390 390
391 391 391
392 392 392
393 393 393
394 394 394
395 395 395
396 396 396
397 397 397
398 398 398
399 399 399
400 400 400
401 401 401
402 402 402
403 403 403
404 404 404
405 405 405
406 406 406
407 407 407
408 408 408
409 409 409
410 410 410
411 411 411
412 412 412
413 413 413
414 414 414
415 415 415
416 416 416
417 417 417
418 418 418
419 419 419
420 420 420
421 421 421
422 422 422
423 423 423
424 424 424
425 425 425
426 426 426
427 427 427
428 428 428
429 429 429
430 430 430
431 431 431
432 432 432
433 433 433
434 434 434
435 435 435
436 436 436
437 437 437
438 438 438
439 439 439
440 440 440
441 441 441
442 442 442
443 443 443
444 444 444
445 445 445
446 446 446
447 447 447
448 448 448
449 449 449
450 450 450
451 451 451
452 452 452
453 453 453
454 454 454
455 455 455
456 456 456
457 457 457
458 458 458
459 459 459
460 460 460
461 461 461
462 462 462
463 463 463
464 464 464
465 465 465
466 466 466
467 467 467
468 468 468
469 469 469
470 470 470
471 471 471
472 472 472
473 473 473
474 474 474
475 475 475
476 476 476
477 477 477
478 478 478
479 479 479
480 480 480
481 481 481
482 482 482
483 483 483
484 484 484
485 485 485
486 486 486
487 487 487
488 488 488
489 489 489
490 490 490
491 491 491
492 492 492
493 493 493
494 494 494
495 495 495
496 496 496
497 497 497
498 498 498
499 499 499
500 500 500
501 501 501
502 502 502
503 503 503
504 504 504
505 505 505
506 506 506
507 507 507
508 508 508
509 509 509
510 510 510
511 511 511
512 512 512
513 513 513
514 514 514
515 515 515
516 516 516
517 517 517
518 518 518
519 519 519
520 520 520
521 521 521
522 522 522
523 523 523
524 524 524
525 525 525
526 526 526
527 527 527
528 528 528
529 529 529
530 530 530
531 531 531
532 532 532
533 533 533
534 534 534
535 535 535
536 536 536
537 537 537
538 538 538
539 539 539
540 540 540
541 541 541
542 542 542
543 543 543
544 544 544
545 545 545
546 546 546
547 547 547
548 548 548
549 549 549
550 550 550
551 551 551
552 552 552
553 553 553
554 554 554
555 555 555
556 556 556
557 557 557
558 558 558
559 559 559
560 560 560
561 561 561
562 562 562
563 563 563
564 564 564
565 565 565
566 566 566
567 567 567
568 568 568
569 569 569
570 570 570
571 571 571
572 572 572
573 573 573
574 574 574
575 575 575
576 576 576
577 577 577
578 578 578
579 579 579
580 580 580
581 581 581
582 582 582
583 583 583
584 584 584
585 585 585
586 586 586
587 587 587
588 588 588
589 589 589
590 590 590
591 591 591
592 592 592
593 593 593
594 594 594
595 595 595
596 596 596
597 597 597
598 598 598
599 599 599
600 600 600
601 601 601
602 602 602
603 603 603
604 604 604
605 605 605
606 606 606
607 607 607
608 608 608
609 609 609
610 610 610
611 611 611
612 612 612
613 613 613
614 614 614
615 615 615
616 616 616
617 617 617
618 618 618
619 619 619
620 620 620
621 621 621
622 622 622
623 623 623
624 624 624
625 625 625
626 626 626
627 627 627
628 628 628
629 629 629
630 630 630
631 631 631
632 632 632
633 633 633
634 634 634
635 635 635
636 636 636
637 637 637
638 638 638
639 639 639
640 640 640
641 641 641
642 642 642
643 643 643
644 644 644
645 645 645
646 646 646
647 647 647
648 648 648
649 649 649
650 650 650
651 651 651
652 652 652
653 653 653
654 654 654
655 655 655
656 656 656
657 657 657
658 658 658
659 659 659
660 660 660
661 661 661
662 662 662
663 663 663
664 664 664
665 665 665
666 666 666
667 667 667
668 668 668
669 669 669
670 670 670
671 671 671
672 672 672
673 673 673
674 674 674
675 675 675
676 676 676
677 677 677
678 678 678
679 679 679
680 680 680
681 681 681
682 682 682
683 683 683
684 684 684
685 685 685
686 686 686
687 687 687
688 688 688
689 689 689
690 690 690
691 691 691
692 692 692
693 693 693
694 694 694
695 695 695
696 696 696
697 697 697
698 698 698
699 699 699
700 700 700
701 701 701
702 702 702
703 703 703
704 704 704
705 705 705
706 706 706
707 707 707
708 708 708
709 709 709
710 710 710
711 711 711
712 712 712
713 713 713
714 714 714
715 715 715
716 716 716
717 717 717
718 718 718
719 719 719
720 720 720
721 721 721
722 722 722
723 723 723
724 724 724
725 725 725
726 726 726
727 727 727
728 728 728
729 729 729
730 730 730
731 731 731
732 732 732
733 733 733
734 734 734
735 735 735
736 736 736
737 737 737
738 738 738
739 739 739
740 740 740
741 741 741
742 742 742
743 743 743
744 744 744
745 745 745
746 746 746
747 747 747
748 748 748
749 749 749
750 750 750
751 751 751
752 752 752
753 753 753
754 754 754
755 755 755
756 756 756
757 757 757
758 758 758
759 759 759
760 760 760
761 761 761
762 762 762
763 763 763
764 764 764
765 765 765
766 766 766
767 767 767
768 768 768
769 769 769
770 770 770
771 771 771
772 772 772
773 773 773
774 774 774
775 775 775
776 776 776
777 777 777
778 778 778
779 779 779
780 780 780
781 781 781
782 782 782
783 783 783
784 784 784
785 785 785
786 786 786
787 787 787
788 788 788
789 789 789
790 790 790
791 791 791
792 792 792
793 793 793
794 794 794
795 795 795
796 796 796
797 797 797
798 798 798
799 799 799
800 800 800
801 801 801
802 802 802
803 803 803
804 804 804
805 805 805
806 806 806
807 807 807
808 808 808
809 809 809
810 810 810
811 811 811
812 812 812
813 813 813
814 814 814
815 815 815
816 816 816
817 817 817
818 818 818
819 819 819
820 820 820
821 821 821
822 822 822
823 823 823
824 824 824
825 825 825
826 826 826
827 827 827
828 828 828
829 829 829
830 830 830
831 831 831
832 832 832
833 833 833
834 834 834
835 835 835
836 836 836
837 837 837
838 838 838
839 839 839
840 840 840
841 841 841
842 842 842
843 843 843
844 844 844
845 845 845
846 846 846
847 847 847
848 848 848
849 849 849
850 850 850
851 851 851
852 852 852
853 853 853
854 854 854
855 855 855
856 856 856
857 857 857
858 858 858
859 859 859
860 860 860
861 861 861
862 862 862
863 863 863
864 864 864
865 865 865
866 866 866
867 867 867
868 868 868
869 869 869
870 870 870
871 871 871
872 872 872
873 873 873
874 874 874
875 875 875
876 876 876
877 877 877
878 878 878
879 879 879
880 880 880
881 881 881
882 882 882
883 883 883
884 884 884
885 885 885
886 886 886
887 887 887
888 888 888
889 889 889
890 890 890
891 891 891
892 892 892
893 893 893
894 894 894
895 895 895
896 896 896
897 897 897
898 898 898
899 899 899
900 900 900
901 901 901
902 902 902
903 903 903
904 904 904
905 905 905
906 906 906
907 907 907
908 908 908
909 909 909
910 910 910
911 911 911
912 912 912
913 913 913
914 914 914
915 915 915
916 916 916
917 917 917
918 918 918
919 919 919
920 920 920
921 921 921
922 922 922
923 923 923
924 924 924
925 925 925
926 926 926
927 927 927
928 928 928
929 929 929
930 930 930
931 931 931
932 932 932
933 933 933
934 934 934
935 935 935
936 936 936
937 937 937
938 938 938
939 939 939
940 940 940
941 941 941
942 942 942
943 943 943
944 944 944
945 945 945
946 946 946
947 947 947
948 948 948
949 949 949
950 950 950
951 951 951
952 952 952
953 953 953
954 954 954
955 955 955
956 956 956
957 957 957
958 958 958
959 959 959
960 960 960
961 961 961
962 962 962
963 963 963
964 964 964
965 965 965
966 966 966
967 967 967
968 968 968
969 969 969
970 970 970
971 971 971
972 972 972
973 973 973
974 974 974
975 975 975
976 976 976
977 977 977
978 978 978
979 979 979
980 980 980
981 981 981
982 982 982
983 983 983
984 984 984
985 985 985
986 986 986
987 987 987
988 988 988
989 989 989
990 990 990
991 991 991
992 992 992
993 993 993
994 994 994
995 995 995
996 996 996
997 997 997
998 998 998
999 999 999
1000 1000 1000
1001 1001 1001
1002 1002 1002
1003 1003 1003
1004 1004 1004
1005 1005 1005
1006 1006 1006
1007 1007 1007
1008 1008 1008
1009 1009 1009
1010 1010 1010
1011 1011 1011
1012 1012 1012
1013 1013 1013
1014 1014 1014
1015 1015 1015
1016 1016 1016
1017 1017 1017
1018 1018 1018
1019 1019 1019
1020 1020 1020
1021 1021 1021
1022 1022 1022
1023 1023 1023
1024 1024 1024
1025 1025 1025
1026 1026 1026
1027 1027 1027
1028 1028 1028
1029 1029 1029
1030 1030 1030
1031 1031 1031
1032 1032 1032
1033 1033 1033
1034 1034 1034
1035 1035 1035
1036 1036 1036
1037 1037 1037
1038 1038 1038
1039 1039 1039
1040 1040 1040
1041 1041 1041
1042 1042 1042
1043 1043 1043
1044 1044 1044
1045 1045 1045
1046 1046 1046
1047 1047 1047
1048 1048 1048
1049 1049 1049
1050 1050 1050
1051 1051 1051
1052 1052 1052
1053 1053 1053
1054 1054 1054
1055 1055 1055
1056 1056 1056
1057 1057 1057
1058 1058 1058
1059 1059 1059
1060 1060 1060
1061 1061 1061
1062 1062 1062
1063 1063 1063
1064 1064 1064
1065 1065 1065
1066 1066 1066
1067 1067 1067
1068 1068 1068
1069 1069 1069
1070 1070 1070
1071 1071 1071
1072 1072 1072
1073 1073 1073
1074 1074 1074
1075 1075 1075
1076 1076 1076
1077 1077 1077
1078 1078 1078
1079 1079 1079
1080 1080 1080
1081 1081 1081
1082 1082 1082
1083 1083 1083
1084 1084 1084
1085 1085 1085
1086 1086 1086
1087 1087 1087
1088 1088 1088
1089 1089 1089
1090 1090 1090
1091 1091 1091
1092 1092 1092
1093 1093 1093
1094 1094 1094
1095 1095 1095
1096 1096 1096
1097 1097 1097
1098 1098 1098
1099 1099 1099
1100 1100 1100
1101 1101 1101
1102 1102 1102
1103 1103 1103
1104 1104 1104
1105 1105 1105
1106 1106 1106
1107 1107 1107
1108 1108 1108
1109 1109 1109
1110 1110 1110
1111 1111 1111
1112 1112 1112
1113 1113 1113
1114 1114 1114
1115 1115 1115
1116 1116 1116
1117 1117 1117
1118 1118 1118
1119 1119 1119
1120 1120 1120
1121 1121 1121
1122 1122 1122
1123 1123 1123
1124 1124 1124
1125 1125 1125
1126 1126 1126
1127 1127 1127
1128 1128 1128
1129 1129 1129
1130 1130 1130
1131 1131 1131
1132 1132 1132
1133 1133 1133
1134 1134 1134
1135 1135 1135
1136 1136 1136
1137 1137 1137
1138 1138 1138
1139 1139 1139
1140 1140 1140
1141 1141 1141
1142 1142 1142
1143 1143 1143
1144 1144 1144
1145 1145 1145
1146 1146 1146
1147 1147 1147
1148 1148 1148
1149 1149 1149
1150 1150 1150
1151 1151 1151
1152 1152 1152
1153 1153 1153
1154 1154 1154
1155 1155 1155
1156 1156 1156
1157 1157 1157
1158 1158 1158
1159 1159 1159
1160 1160 1160
1161 1161 1161
1162 1162 1162
1163 1163 1163
1164 1164 1164
1165 1165 1165
1166 1166 1166
1167 1167 1167
1168 1168 1168
1169 1169 1169
1170 1170 1170
1171 1171 1171
1172 1172 1172
1173 1173 1173
1174 1174 1174
1175 1175 1175
1176 1176 1176
1177 1177 1177
1178 1178 1178
1179 1179 1179
1180 1180 1180
1181 1181 1181
1182 1182 1182
1183 1183 1183
1184 1184 1184
1185 1185 1185
1186 1186 1186
1187 1187 1187
1188 1188 1188
1189 1189 1189
1190 1190 1190
1191 1191 1191
1192 1192 1192
1193 1193 1193
1194 1194 1194
1195 1195 1195
1196 1196 1196
1197 1197 1197
1198 1198 1198
1199 1199 1199
1200 1200 1200
1201 1201 1201
1202 1202 1202
1203 1203 1203
1204 1204 1204
1205 1205 1205
1206 1206 1206
1207 1207 1207
1208 1208 1208
1209 1209 1209
1210 1210 1210
1211 1211 1211
1212 1212 1212
1213 1213 1213
1214 1214 1214
1215 1215 1215
1216 1216 1216
1217 1217 1217
1218 1218 1218
1219 1219 1219
1220 1220 1220
1221 1221 1221
1222 1222 1222
1223 1223 1223
1224 1224 1224
1225 1225 1225
1226 1226 1226
1227 1227 1227
1228 1228 1228
1229 1229 1229
1230 1230 1230
1231 1231 1231
1232 1232 1232
1233 1233 1233
1234 1234 1234
1235 1235 1235
1236 1236 1236
1237 1237 1237
1238 1238 1238
1239 1239 1239
1240 1240 1240
1241 1241 1241
1242 1242 1242
1243 1243 1243
1244 1244 1244
1245 1245 1245
1246 1246 1246
1247 1247 1247
1248 1248 1248
1249 1249 1249
1273 1250 1273
1306 1251 1306
1318 1252 1318
1742 1253 1742
1743 1254 1743
1744 1255 1744
1745 1256 1745
1746 1257 1746
1747 1258 1747
1748 1259 1748
1749 1260 1749
1750 1261 1750
1751 1262 1751
1752 1263 1752
1753 1264 1753
1754 1265 1754
1755 1266 1755
1756 1267 1756
1757 1268 1757
1758 1269 1758
1759 1270 1759
1760 1271 1760
1761 1272 1761
1762 1273 1762
1763 1274 1763
1764 1275 1764
1765 1276 1765
1766 1277 1766
1767 1278 1767
1768 1279 1768
1769 1280 1769
1770 1281 1770
1771 1282 1771
1772 1283 1772
1773 1284 1773
1774 1285 1774
1775 1286 1775
1776 1287 1776
1777 1288 1777
1778 1289 1778
1779 1290 1779
1780 1291 1780
1781 1292 1781
1782 1293 1782
1783 1294 1783
1784 1295 1784
1785 1296 1785
1786 1297 1786
1787 1298 1787
1788 1299 1788
1789 1300 1789
1790 1301 1790
1791 1302 1791
1792 1303 1792
1793 1304 1793
1794 1305 1794
1795 1306 1795
1796 1307 1796
1797 1308 1797
1798 1309 1798
1799 1310 1799
1800 1311 1800
1801 1312 1801
1802 1313 1802
1803 1314 1803
1804 1315 1804
1805 1316 1805
1806 1317 1806
1807 1318 1807
1808 1319 1808
1809 1320 1809
1810 1321 1810
1811 1322 1811
1812 1323 1812
1813 1324 1813
1814 1325 1814
1815 1326 1815
1816 1327 1816
1817 1328 1817
1818 1329 1818
1819 1330 1819
1820 1331 1820
1821 1332 1821
1822 1333 1822
1823 1334 1823
1824 1335 1824
1825 1336 1825
1826 1337 1826
1827 1338 1827
1828 1339 1828
1829 1340 1829
1830 1341 1830
1831 1342 1831
1832 1343 1832
1833 1344 1833
1834 1345 1834
1835 1346 1835
1836 1347 1836
1837 1348 1837
1838 1349 1838
1839 1350 1839
1840 1351 1840
1841 1352 1841
1842 1353 1842
1843 1354 1843
1844 1355 1844
1845 1356 1845
1846 1357 1846
1847 1358 1847
1848 1359 1848
1849 1360 1849
1850 1361 1850
1851 1362 1851
1852 1363 1852
1853 1364 1853
1854 1365 1854
1855 1366 1855
1856 1367 1856
1857 1368 1857
1858 1369 1858
1859 1370 1859
1860 1371 1860
1861 1372 1861
1862 1373 1862
1863 1374 1863
1864 1375 1864
1865 1376 1865
1866 1377 1866
1867 1378 1867
1868 1379 1868
1869 1380 1869
1870 1381 1870
1871 1382 1871
1872 1383 1872
1873 1384 1873
1874 1385 1874
1875 1386 1875
1876 1387 1876
1877 1388 1877
1878 1389 1878
1879 1390 1879
1880 1391 1880
1881 1392 1881
1882 1393 1882
1901 1394 1901
1925 1395 1925
1930 1396 1930
1931 1397 1931
1933 1398 1933
1934 1399 1934
1935 1400 1935
1936 1401 1936
1937 1402 1937
1938 1403 1938
1939 1404 1939
1940 1405 1940
1941 1406 1941
1942 1407 1942
1943 1408 1943
1944 1409 1944
1945 1410 1945
1946 1411 1946
1947 1412 1947
1948 1413 1948
1949 1414 1949
1950 1415 1950
1951 1416 1951
1952 1417 1952
1953 1418 1953
1954 1419 1954
1955 1420 1955
1956 1421 1956
1957 1422 1957
1958 1423 1958
1959 1424 1959
1960 1425 1960
1961 1426 1961
1962 1427 1962
1963 1428 1963
1964 1429 1964
1965 1430 1965
1966 1431 1966
1967 1432 1967
1968 1433 1968
1969 1434 1969
1970 1435 1970
1971 1436 1971
1972 1437 1972
1973 1438 1973
1974 1439 1974
1978 1440 1978
1979 1441 1979
1981 1442 1981
1982 1443 1982
1983 1444 1983
1984 1445 1984
1985 1446 1985
1986 1447 1986
1987 1448 1987
1988 1449 1988
1989 1450 1989
1990 1451 1990
1991 1452 1991
1992 1453 1992
1993 1454 1993
1994 1455 1994
1995 1456 1995
1996 1457 1996
1997 1458 1997
1998 1459 1998
1999 1460 1999
2002 1461 2002
2003 1462 2003
2004 1463 2004
2005 1464 2005
2006 1465 2006
2007 1466 2007
2008 1467 2008
2009 1468 2009
2010 1469 2010
2011 1470 2011
2012 1471 2012
2013 1472 2013
2014 1473 2014
2015 1474 2015
2016 1475 2016
2017 1476 2017
2018 1477 2018
2019 1478 2019
2020 1479 2020
2021 1480 2021
2022 1481 2022
2023 1482 2023
2024 1483 2024
2025 1484 2025
2026 1485 2026
2027 1486 2027
2028 1487 2028
2029 1488 2029
2030 1489 2030
2031 1490 2031
2032 1491 2032
2033 1492 2033
2034 1493 2034
2035 1494 2035
2036 1495 2036
2037 1496 2037
2038 1497 2038
2039 1498 2039
2040 1499 2040
2041 1500 2041
2042 1501 2042
2043 1502 2043
2044 1503 2044
2045 1504 2045
2046 1505 2046
2047 1506 2047
2048 1507 2048
2049 1508 2049
2050 1509 2050
2051 1510 2051
2052 1511 2052
2053 1512 2053
2054 1513 2054
2055 1514 2055
2056 1515 2056
2057 1516 2057
2058 1517 2058
2059 1518 2059
2060 1519 2060
2061 1520 2061
2062 1521 2062
2063 1522 2063
2064 1523 2064
2065 1524 2065
2066 1525 2066
2067 1526 2067
2068 1527 2068
2069 1528 2069
2070 1529 2070
2071 1530 2071
2072 1531 2072
2073 1532 2073
2074 1533 2074
2075 1534 2075
2076 1535 2076
2077 1536 2077
2078 1537 2078
2079 1538 2079
2080 1539 2080
2081 1540 2081
2082 1541 2082
2083 1542 2083
2084 1543 2084
2085 1544 2085
2086 1545 2086
2087 1546 2087
2088 1547 2088
2089 1548 2089
2090 1549 2090
2091 1550 2091
2092 1551 2092
2093 1552 2093
2094 1553 2094
2095 1554 2095
2096 1555 2096
2097 1556 2097
2098 1557 2098
2099 1558 2099
2100 1559 2100
2101 1560 2101
2102 1561 2102
2103 1562 2103
2104 1563 2104
2105 1564 2105
2106 1565 2106
2107 1566 2107
2108 1567 2108
2109 1568 2109
2110 1569 2110
2111 1570 2111
2112 1571 2112
2113 1572 2113
2114 1573 2114
2115 1574 2115
2116 1575 2116
2117 1576 2117
2118 1577 2118
2119 1578 2119
2120 1579 2120
2121 1580 2121
2122 1581 2122
2123 1582 2123
2124 1583 2124
2125 1584 2125
2126 1585 2126
2127 1586 2127
2128 1587 2128
2129 1588 2129
2130 1589 2130
2131 1590 2131
2132 1591 2132
2133 1592 2133
2134 1593 2134
2135 1594 2135
2136 1595 2136
2137 1596 2137
2138 1597 2138
2139 1598 2139
2140 1599 2140
2141 1600 2141
2142 1601 2142
2143 1602 2143
2144 1603 2144
2145 1604 2145
2146 1605 2146
2147 1606 2147
2148 1607 2148
2149 1608 2149
2150 1609 2150
2151 1610 2151
2152 1611 2152
2153 1612 2153
2154 1613 2154
2155 1614 2155
2156 1615 2156
2157 1616 2157
2158 1617 2158
2159 1618 2159
2160 1619 2160
2161 1620 2161
2162 1621 2162
2163 1622 2163
2164 1623 2164
2165 1624 2165
2166 1625 2166
2167 1626 2167
2168 1627 2168
2169 1628 2169
2170 1629 2170
2171 1630 2171
2172 1631 2172
2173 1632 2173
2174 1633 2174
2175 1634 2175
2176 1635 2176
2177 1636 2177
2178 1637 2178
2179 1638 2179
2180 1639 2180
2181 1640 2181
2182 1641 2182
2183 1642 2183
2184 1643 2184
2185 1644 2185
2186 1645 2186
2187 1646 2187
2188 1647 2188
2189 1648 2189
2190 1649 2190
2191 1650 2191
2192 1651 2192
2193 1652 2193
2194 1653 2194
2195 1654 2195
2196 1655 2196
2197 1656 2197
2198 1657 2198
2199 1658 2199
2200 1659 2200
2201 1660 2201
2202 1661 2202
2203 1662 2203
2204 1663 2204
2205 1664 2205
2206 1665 2206
2207 1666 2207
2208 1667 2208
2209 1668 2209
2210 1669 2210
2211 1670 2211
2212 1671 2212
2213 1672 2213
2214 1673 2214
2215 1674 2215
2216 1675 2216
2217 1676 2217
2218 1677 2218
2219 1678 2219
2220 1679 2220
2221 1680 2221
2222 1681 2222
2223 1682 2223
2224 1683 2224
2225 1684 2225
2226 1685 2226
2227 1686 2227
2228 1687 2228
2229 1688 2229
2230 1689 2230
2231 1690 2231
2232 1691 2232
2233 1692 2233
2234 1693 2234
2235 1694 2235
2236 1695 2236
2237 1696 2237
2238 1697 2238
2239 1698 2239
2240 1699 2240
2241 1700 2241
2242 1701 2242
2243 1702 2243
2244 1703 2244
2245 1704 2245
2246 1705 2246
2247 1706 2247
2248 1707 2248
2249 1708 2249
2250 1709 2250
2251 1710 2251
2252 1711 2252
2253 1712 2253
2254 1713 2254
2255 1714 2255
2256 1715 2256
2257 1716 2257
2258 1717 2258
2259 1718 2259
2260 1719 2260
2261 1720 2261
2262 1721 2262
2263 1722 2263
2264 1723 2264
2265 1724 2265
2266 1725 2266
2267 1726 2267
2268 1727 2268
2269 1728 2269
2270 1729 2270
2271 1730 2271
2272 1731 2272
2273 1732 2273
2274 1733 2274
2275 1734 2275
2276 1735 2276
2277 1736 2277
2278 1737 2278
2279 1738 2279
2280 1739 2280
2281 1740 2281
2282 1741 2282
2283 1742 2283
2284 1743 2284
2285 1744 2285
2286 1745 2286
2287 1746 2287
2288 1747 2288
2289 1748 2289
2290 1749 2290
2291 1750 2291
2292 1751 2292
2293 1752 2293
2294 1753 2294
2295 1754 2295
2296 1755 2296
2297 1756 2297
2298 1757 2298
2299 1758 2299
2300 1759 2300
2301 1760 2301
2302 1761 2302
2303 1762 2303
2304 1763 2304
2305 1764 2305
2306 1765 2306
2307 1766 2307
2308 1767 2308
2309 1768 2309
2310 1769 2310
2311 1770 2311
2312 1771 2312
2313 1772 2313
2314 1773 2314
2315 1774 2315
2316 1775 2316
2317 1776 2317
2318 1777 2318
2319 1778 2319
2320 1779 2320
2321 1780 2321
2322 1781 2322
2323 1782 2323
2324 1783 2324
2325 1784 2325
2326 1785 2326
2327 1786 2327
2328 1787 2328
2329 1788 2329
2330 1789 2330
2331 1790 2331
2332 1791 2332
2333 1792 2333
2334 1793 2334
2335 1794 2335
2336 1795 2336
2337 1796 2337
2338 1797 2338
2339 1798 2339
2340 1799 2340
2341 1800 2341
2342 1801 2342
2343 1802 2343
2344 1803 2344
2345 1804 2345
2346 1805 2346
2347 1806 2347
2348 1807 2348
2349 1808 2349
2350 1809 2350
2351 1810 2351
2352 1811 2352
2353 1812 2353
2354 1813 2354
2355 1814 2355
2356 1815 2356
2357 1816 2357
2358 1817 2358
2359 1818 2359
2360 1819 2360
2361 1820 2361
2362 1821 2362
2363 1822 2363
2364 1823 2364
2365 1824 2365
2366 1825 2366
2367 1826 2367
2368 1827 2368
2369 1828 2369
2370 1829 2370
2371 1830 2371
2372 1831 2372
2373 1832 2373
2374 1833 2374
2375 1834 2375
2376 1835 2376
2377 1836 2377
2378 1837 2378
2379 1838 2379
2380 1839 2380
2381 1840 2381
2382 1841 2382
2383 1842 2383
2384 1843 2384
2385 1844 2385
2386 1845 2386
2387 1846 2387
2388 1847 2388
2389 1848 2389
2390 1849 2390
2391 1850 2391
2392 1851 2392
2393 1852 2393
2394 1853 2394
2395 1854 2395
2396 1855 2396
2397 1856 2397
2398 1857 2398
2399 1858 2399
2400 1859 2400
2401 1860 2401
2402 1861 2402
2403 1862 2403
2404 1863 2404
2405 1864 2405
2406 1865 2406
2407 1866 2407
2408 1867 2408
2409 1868 2409
2410 1869 2410
2411 1870 2411
2412 1871 2412
2413 1872 2413
2414 1873 2414
2415 1874 2415
2416 1875 2416
2417 1876 2417
2418 1877 2418
2419 1878 2419
2420 1879 2420
2421 1880 2421
2422 1881 2422
2423 1882 2423
2424 1883 2424
2425 1884 2425
2426 1885 2426
2427 1886 2427
2428 1887 2428
2429 1888 2429
2430 1889 2430
2431 1890 2431
2432 1891 2432
2433 1892 2433
2434 1893 2434
2435 1894 2435
2436 1895 2436
2437 1896 2437
2438 1897 2438
2439 1898 2439
2440 1899 2440
2441 1900 2441
2442 1901 2442
2443 1902 2443
2444 1903 2444
2445 1904 2445
2446 1905 2446
2447 1906 2447
2448 1907 2448
2449 1908 2449
2450 1909 2450
2451 1910 2451
2452 1911 2452
2453 1912 2453
2454 1913 2454
2455 1914 2455
2456 1915 2456
2457 1916 2457
2458 1917 2458
2459 1918 2459
2460 1919 2460
2461 1920 2461
2462 1921 2462
2463 1922 2463
2464 1923 2464
2465 1924 2465
2466 1925 2466
2467 1926 2467
2468 1927 2468
2469 1928 2469
2470 1929 2470
2472 1930 2472
2473 1931 2473
2474 1932 2474
2475 1933 2475
2476 1934 2476
2477 1935 2477
2478 1936 2478
2479 1937 2479
2480 1938 2480
2481 1939 2481
2482 1940 2482
2483 1941 2483
2484 1942 2484
2485 1943 2485
2486 1944 2486
2487 1945 2487
2488 1946 2488
2489 1947 2489
2490 1948 2490
2491 1949 2491
2492 1950 2492
2493 1951 2493
2494 1952 2494
2495 1953 2495
2496 1954 2496
2497 1955 2497
2498 1956 2498
2499 1957 2499
2500 1958 2500
2501 1959 2501
2502 1960 2502
2503 1961 2503
2504 1962 2504
2505 1963 2505
2506 1964 2506
2507 1965 2507
2508 1966 2508
2509 1967 2509
2510 1968 2510
2511 1969 2511
2512 1970 2512
2513 1971 2513
2514 1972 2514
2515 1973 2515
2516 1974 2516
2517 1975 2517
2518 1976 2518
2519 1977 2519
2520 1978 2520
2521 1979 2521
2522 1980 2522
2523 1981 2523
2524 1982 2524
2525 1983 2525
2526 1984 2526
2527 1985 2527
2528 1986 2528
2529 1987 2529
2530 1988 2530
2531 1989 2531
2532 1990 2532
2533 1991 2533
2534 1992 2534
2535 1993 2535
2536 1994 2536
2537 1995 2537
2538 1996 2538
2539 1997 2539
2540 1998 2540
2541 1999 2541
2542 2000 2542
2543 2001 2543
2544 2002 2544
2545 2003 2545
2546 2004 2546
2547 2005 2547
2548 2006 2548
2549 2007 2549
2550 2008 2550
2551 2009 2551
2552 2010 2552
2553 2011 2553
2554 2012 2554
2555 2013 2555
2556 2014 2556
2557 2015 2557
2558 2016 2558
2559 2017 2559
2560 2018 2560
2561 2019 2561
2562 2020 2562
2563 2021 2563
2564 2022 2564
2565 2023 2565
2566 2024 2566
2567 2025 2567
2568 2026 2568
2569 2027 2569
2570 2028 2570
2571 2029 2571
2572 2030 2572
2573 2031 2573
2574 2032 2574
2575 2033 2575
2576 2034 2576
2577 2035 2577
2578 2036 2578
2579 2037 2579
2580 2038 2580
2581 2039 2581
2582 2040 2582
2583 2041 2583
2584 2042 2584
2585 2043 2585
2586 2044 2586
2587 2045 2587
2588 2046 2588
2589 2047 2589
2590 2048 2590
2591 2049 2591
2592 2050 2592
2593 2051 2593
2594 2052 2594
2595 2053 2595
2596 2054 2596
2597 2055 2597
2598 2056 2598
2599 2057 2599
2600 2058 2600
2601 2059 2601
2602 2060 2602
2603 2061 2603
2604 2062 2604
2605 2063 2605
2606 2064 2606
2607 2065 2607
2608 2066 2608
2609 2067 2609
2610 2068 2610
2611 2069 2611
2612 2070 2612
2613 2071 2613
2614 2072 2614
2615 2073 2615
2616 2074 2616
2617 2075 2617
2618 2076 2618
2619 2077 2619
2620 2078 2620
2621 2079 2621
2622 2080 2622
2623 2081 2623
2624 2082 2624
2625 2083 2625
2626 2084 2626
2627 2085 2627
2628 2086 2628
2629 2087 2629
2630 2088 2630
2631 2089 2631
2632 2090 2632
2633 2091 2633
2634 2092 2634
2635 2093 2635
2636 2094 2636
2637 2095 2637
2638 2096 2638
2639 2097 2639
2640 2098 2640
2641 2099 2641
2642 2100 2642
2643 2101 2643
2644 2102 2644
2645 2103 2645
2646 2104 2646
2647 2105 2647
2648 2106 2648
2649 2107 2649
2650 2108 2650
2651 2109 2651
2652 2110 2652
2653 2111 2653
2654 2112 2654
2655 2113 2655
2656 2114 2656
2657 2115 2657
2658 2116 2658
2659 2117 2659
2660 2118 2660
2661 2119 2661
2662 2120 2662
2663 2121 2663
2664 2122 2664
2665 2123 2665
2666 2124 2666
2667 2125 2667
2668 2126 2668
2669 2127 2669
2670 2128 2670
2671 2129 2671
2672 2130 2672
2673 2131 2673
2674 2132 2674
2675 2133 2675
2676 2134 2676
2677 2135 2677
2678 2136 2678
2679 2137 2679
2680 2138 2680
2681 2139 2681
2682 2140 2682
2683 2141 2683
2684 2142 2684
2685 2143 2685
2686 2144 2686
2687 2145 2687
2688 2146 2688
2689 2147 2689
2690 2148 2690
2691 2149 2691
2692 2150 2692
2693 2151 2693
2694 2152 2694
2695 2153 2695
2696 2154 2696
2697 2155 2697
2698 2156 2698
2699 2157 2699
2700 2158 2700
2701 2159 2701
2702 2160 2702
2703 2161 2703
2704 2162 2704
2705 2163 2705
2706 2164 2706
2707 2165 2707
2708 2166 2708
2709 2167 2709
2710 2168 2710
2711 2169 2711
2712 2170 2712
2713 2171 2713
2714 2172 2714
2715 2173 2715
2716 2174 2716
2717 2175 2717
2718 2176 2718
2719 2177 2719
2720 2178 2720
2721 2179 2721
2722 2180 2722
2723 2181 2723
2724 2182 2724
2725 2183 2725
2726 2184 2726
2727 2185 2727
2728 2186 2728
2729 2187 2729
2730 2188 2730
2731 2189 2731
2732 2190 2732
2733 2191 2733
2734 2192 2734
2735 2193 2735
2736 2194 2736
2737 2195 2737
2738 2196 2738
2739 2197 2739
2740 2198 2740
2741 2199 2741
2742 2200 2742
2743 2201 2743
2744 2202 2744
2745 2203 2745
2746 2204 2746
2747 2205 2747
2748 2206 2748
2749 2207 2749
2750 2208 2750
2751 2209 2751
2752 2210 2752
2753 2211 2753
2754 2212 2754
2755 2213 2755
2756 2214 2756
2757 2215 2757
2758 2216 2758
2759 2217 2759
2760 2218 2760
2761 2219 2761
2762 2220 2762
2763 2221 2763
2764 2222 2764
2765 2223 2765
2766 2224 2766
2767 2225 2767
2768 2226 2768
2769 2227 2769
2770 2228 2770
2771 2229 2771
2772 2230 2772
2773 2231 2773
2774 2232 2774
2775 2233 2775
2776 2234 2776
2777 2235 2777
2778 2236 2778
2779 2237 2779
2780 2238 2780
2781 2239 2781
2782 2240 2782
2783 2241 2783
2784 2242 2784
2785 2243 2785
2786 2244 2786
2787 2245 2787
2788 2246 2788
2789 2247 2789
2790 2248 2790
2791 2249 2791
2792 2250 2792
2793 2251 2793
2794 2252 2794
2795 2253 2795
2796 2254 2796
2797 2255 2797
2798 2256 2798
2799 2257 2799
2800 2258 2800
2801 2259 2801
2802 2260 2802
2803 2261 2803
2804 2262 2804
2805 2263 2805
2806 2264 2806
2807 2265 2807
2808 2266 2808
2809 2267 2809
2810 2268 2810
2811 2269 2811
2812 2270 2812
2813 2271 2813
2814 2272 2814
2815 2273 2815
2816 2274 2816
2817 2275 2817
2818 2276 2818
2819 2277 2819
2820 2278 2820
2821 2279 2821
2822 2280 2822
2823 2281 2823
2824 2282 2824
2825 2283 2825
2826 2284 2826
2827 2285 2827
2828 2286 2828
2829 2287 2829
2830 2288 2830
2831 2289 2831
2832 2290 2832
2833 2291 2833
2834 2292 2834
2835 2293 2835
2836 2294 2836
2837 2295 2837
2838 2296 2838
2839 2297 2839
2840 2298 2840
2841 2299 2841
2842 2300 2842
2843 2301 2843
2844 2302 2844
2845 2303 2845
2846 2304 2846
2847 2305 2847
2848 2306 2848
2849 2307 2849
2850 2308 2850
2851 2309 2851
2852 2310 2852
2853 2311 2853
2854 2312 2854
2855 2313 2855
2856 2314 2856
2857 2315 2857
2858 2316 2858
2859 2317 2859
2860 2318 2860
2861 2319 2861
2862 2320 2862
2863 2321 2863
2864 2322 2864
2865 2323 2865
2866 2324 2866
2867 2325 2867
2868 2326 2868
2869 2327 2869
2870 2328 2870
2871 2329 2871
2872 2330 2872
2873 2331 2873
2874 2332 2874
2875 2333 2875
2876 2334 2876
2877 2335 2877
2878 2336 2878
2879 2337 2879
2880 2338 2880
2881 2339 2881
2882 2340 2882
2883 2341 2883
2884 2342 2884
2885 2343 2885
2886 2344 2886
2887 2345 2887
2888 2346 2888
2889 2347 2889
2890 2348 2890
2891 2349 2891
2892 2350 2892
2893 2351 2893
2894 2352 2894
2895 2353 2895
2896 2354 2896
2897 2355 2897
2898 2356 2898
2899 2357 2899
2900 2358 2900
2901 2359 2901
2902 2360 2902
2903 2361 2903
2904 2362 2904
2905 2363 2905
2906 2364 2906
2907 2365 2907
2908 2366 2908
2909 2367 2909
2910 2368 2910
2911 2369 2911
2912 2370 2912
2913 2371 2913
2914 2372 2914
2915 2373 2915
2916 2374 2916
2917 2375 2917
2918 2376 2918
2919 2377 2919
2920 2378 2920
2921 2379 2921
2922 2380 2922
2923 2381 2923
2924 2382 2924
2925 2383 2925
2926 2384 2926
2927 2385 2927
2928 2386 2928
2929 2387 2929
2930 2388 2930
2931 2389 2931
2932 2390 2932
2933 2391 2933
2934 2392 2934
2935 2393 2935
2936 2394 2936
2937 2395 2937
2938 2396 2938
2939 2397 2939
2940 2398 2940
2941 2399 2941
2942 2400 2942
2943 2401 2943
2944 2402 2944
2945 2403 2945
2946 2404 2946
2947 2405 2947
2948 2406 2948
2949 2407 2949
2950 2408 2950
2951 2409 2951
2952 2410 2952
2954 2411 2954
2955 2412 2955
2956 2413 2956
2957 2414 2957
2958 2415 2958
2959 2416 2959
2960 2417 2960
2961 2418 2961
2962 2419 2962
2963 2420 2963
2964 2421 2964
2965 2422 2965
2966 2423 2966
2967 2424 2967
2968 2425 2968
2969 2426 2969
2970 2427 2970
2971 2428 2971
2972 2429 2972
2973 2430 2973
2974 2431 2974
2975 2432 2975
2976 2433 2976
2977 2434 2977
2978 2435 2978
2979 2436 2979
2980 2437 2980
2981 2438 2981
2982 2439 2982
2983 2440 2983
2984 2441 2984
2985 2442 2985
2986 2443 2986
2987 2444 2987
2988 2445 2988
2989 2446 2989
2990 2447 2990
2991 2448 2991
2992 2449 2992
2993 2450 2993
2994 2451 2994
2995 2452 2995
2996 2453 2996
2997 2454 2997
2998 2455 2998
2999 2456 2999
3000 2457 3000
3001 2458 3001
3002 2459 3002
3003 2460 3003
3004 2461 4020
3005 2462 4021
3006 2463 4022
3007 2464 4023
3008 2465 4024
3009 2466 4025
3010 2467 4026
3011 2468 4027
3012 2469 4028
3013 2470 4029
3014 2471 4030
3015 2472 4031
3016 2473 4032
3017 2474 4033
3018 2475 4034
3019 2476 4035
3020 2477 4036
3021 2478 4037
3022 2479 4038
3023 2480 4039
3024 2481 4040
3025 2482 4041
3026 2483 4042
3027 2484 4043
3028 2485 4044
3029 2486 4045
3030 2487 4046
3031 2488 4047
3032 2489 4048
3033 2490 4049
3034 2491 4050
3035 2492 4051
3036 2493 4052
3037 2494 4053
3038 2495 4054
3039 2496 4055
3040 2497 4056
3041 2498 4057
3042 2499 4058
3043 2500 4059
3044 2501 4060
3045 2502 4061
3046 2503 4062
3047 2504 4063
3048 2505 4064
3049 2506 4065
3050 2507 4066
3051 2508 4067
3052 2509 4068
3053 2510 4069
3054 2511 4070
3055 2512 4071
3056 2513 4072
3057 2514 4073
3058 2515 4074
3059 2516 4075
3060 2517 4076
3061 2518 4077
3062 2519 4078
3063 2520 4079
3064 2521 4080
3065 2522 4081
3066 2523 4082
3067 2524 4083
3068 2525 4084
3069 2526 4085
3070 2527 4086
3071 2528 4087
3072 2529 4088
3073 2530 4089
3074 2531 4090
3075 2532 4091
3076 2533 4092
3077 2534 4093
3078 2535 4094
3079 2536 4095
3080 2537 4096
3081 2538 4097
3082 2539 4098
3083 2540 4099
3084 2541 4100
3085 2542 4101
3086 2543 4102
3087 2544 4103
3088 2545 4104
3089 2546 4105
3090 2547 4106
3091 2548 4107
3092 2549 4108
3093 2550 4109
3094 2551 4110
3095 2552 4111
3096 2553 4112
3097 2554 4113
3098 2555 4114
3099 2556 4115
3100 2557 4116
3101 2558 4117
3102 2559 4118
3103 2560 4119
3104 2561 4120
3105 2562 4121
3106 2563 4122
3107 2564 4123
3108 2565 4124
3109 2566 4125
3110 2567 4126
3111 2568 4127
3112 2569 4128
3113 2570 4129
3114 2571 4130
3115 2572 4131
3125 2573 4141
3126 2574 4142
3127 2575 4143
3128 2576 4144
3129 2577 4145
3130 2578 4146
3131 2579 4147
3132 2580 4148
3133 2581 4149
3134 2582 4150
3135 2583 4151
3136 2584 4152
3137 2585 4153
3138 2586 4154
3139 2587 4155
3140 2588 4156
3141 2589 4157
3142 2590 4158
3143 2591 4159
3144 2592 4160
3145 2593 4161
3146 2594 4162
3147 2595 4163
3148 2596 4164
3149 2597 4165
3150 2598 4166
3151 2599 4167
3152 2600 4168
3153 2601 4169
3154 2602 4170
3155 2603 4171
3156 2604 4172
3157 2605 4173
3158 2606 4174
3159 2607 4175
3160 2608 4176
3161 2609 4177
3162 2610 4178
3163 2611 4179
3164 2612 4180
3165 2613 4181
3166 2614 4182
3167 2615 4183
3168 2616 4184
3169 2617 4185
3170 2618 4186
3171 2619 4187
3172 2620 4188
3173 2621 4189
3174 2622 4190
3175 2623 4191
3176 2624 4192
3177 2625 4193
3178 2626 4194
3179 2627 4195
3180 2628 4196
3181 2629 4197
3182 2630 4198
3183 2631 4199
3184 2632 4200
3185 2633 4201
3186 2634 4202
3187 2635 4203
3188 2636 4204
3189 2637 4205
3190 2638 4206
3191 2639 4207
3192 2640 4208
3193 2641 4209
3194 2642 4210
3195 2643 4211
3196 2644 4212
3197 2645 4213
3198 2646 4214
3199 2647 4215
3200 2648 4216
3201 2649 4217
3202 2650 4218
3203 2651 4219
3204 2652 4220
3205 2653 4221
3206 2654 4222
3207 2655 4223
3211 2656 4227
3212 2657 4228
3213 2658 4229
3214 2659 4230
3215 2660 4231
3216 2661 4232
3220 2662 4236
3221 2663 4237
3222 2664 4238
3223 2665 4239
3224 2666 4240
3225 2667 4241
3226 2668 4242
3227 2669 4243
3228 2670 4244
3229 2671 4245
3230 2672 4246
3231 2673 4247
3232 2674 4248
3233 2675 4249
3234 2676 4250
3235 2677 4251
3236 2678 4252
3237 2679 4253
3238 2680 4254
3239 2681 4255
3240 2682 4256
3241 2683 4257
3242 2684 4258
3243 2685 4259
3244 2686 4260
3245 2687 4261
3246 2688 4262
3247 2689 4263
3248 2690 4264
3249 2691 4265
3250 2692 4266
3251 2693 4267
3252 2694 4268
3253 2695 4269
3254 2696 4270
3255 2697 4271
3256 2698 4272
3257 2699 4273
3258 2700 4274
3259 2701 4275
3260 2702 4276
3261 2703 4277
3262 2704 4278
3263 2705 4279
3264 2706 4280
3265 2707 4281
3266 2708 4282
3267 2709 4283
3268 2710 4284
3269 2711 4285
3270 2712 4286
3271 2713 4287
3272 2714 4288
3273 2715 4289
3274 2716 4290
3275 2717 4291
3276 2718 4292
3277 2719 4293
3278 2720 4294
3279 2721 4295
3280 2722 4296
3281 2723 4297
3282 2724 4298
3283 2725 4299
3284 2726 4300
3285 2727 4301
3286 2728 4302
3287 2729 4303
3288 2730 4304
3289 2731 4305
3290 2732 4306
3291 2733 4307
3292 2734 4308
3293 2735 4309
3294 2736 4310
3295 2737 4311
3296 2738 4312
3297 2739 4313
3298 2740 4314
3299 2741 4315
3300 2742 4316
3301 2743 4317
3302 2744 4318
3303 2745 4319
3304 2746 4320
3305 2747 4321
3306 2748 4322
3307 2749 4323
3308 2750 4324
3309 2751 4325
3310 2752 4326
3311 2753 4327
3312 2754 4328
3313 2755 4329
3314 2756 4330
3315 2757 4331
3316 2758 4332
3318 2759 4334
3319 2760 4335
3320 2761 4336
3321 2762 4337
3322 2763 4338
3323 2764 4339
3324 2765 4340
3325 2766 4341
3326 2767 4342
3327 2768 4343
3328 2769 4344
3329 2770 4345
3332 2771 4348
3333 2772 4349
3334 2773 4350
3335 2774 4351
3336 2775 4352
3337 2776 4353
3338 2777 4354
3339 2778 4355
3340 2779 4356
3343 2780 4359
3344 2781 4360
3345 2782 4361
3346 2783 4362
3347 2784 4363
3348 2785 4364
3349 2786 4365
3350 2787 4366
3351 2788 4367
3352 2789 4368
3353 2790 4369
3354 2791 4370
3355 2792 4371
3356 2793 4372
3357 2794 4373
3358 2795 4374
3359 2796 4375
3360 2797 4376
3361 2798 4377
3362 2799 4378
3363 2800 4379
3364 2801 4380
3365 2802 4381
3366 2803 4382
3367 2804 4383
3368 2805 4384
3369 2806 4385
3370 2807 4386
3371 2808 4387
3372 2809 4388
3373 2810 4389
3374 2811 4390
3375 2812 4391
3376 2813 4392
3377 2814 4393
3378 2815 4394
3379 2816 4395
3380 2817 4396
3381 2818 4397
3382 2819 4398
3383 2820 4399
3384 2821 4400
3385 2822 4401
3386 2823 4402
3387 2824 4403
3388 2825 4404
3389 2826 4405
3390 2827 4406
3391 2828 4407
3392 2829 4408
3393 2830 4409
3394 2831 4410
3395 2832 4411
3396 2833 4412
3397 2834 4413
3398 2835 4414
3399 2836 4415
3400 2837 4416
3401 2838 4417
3402 2839 4418
3403 2840 4419
3404 2841 4420
3405 2842 4421
3406 2843 4422
3407 2844 4423
3408 2845 4424
3409 2846 4425
3410 2847 4426
3411 2848 4427
3412 2849 4428
3413 2850 4429
3414 2851 4430
3415 2852 4431
3416 2853 4432
3417 2854 4433
3418 2855 4434
3419 2856 4435
3420 2857 4436
3421 2858 4437
3422 2859 4438
3423 2860 4439
3424 2861 4440
3425 2862 4441
3426 2863 4442
3427 2864 4443
3428 2865 4444
3429 2866 4445
3430 2867 4446
3431 2868 4447
3432 2869 4448
3433 2870 4449
3434 2871 4450
3435 2872 4451
3436 2873 4452
3437 2874 4453
3438 2875 4454
3439 2876 4455
3440 2877 4456
3441 2878 4457
3442 2879 4458
3443 2880 4459
3444 2881 4460
3445 2882 4461
3446 2883 4462
3447 2884 4463
3448 2885 4464
3449 2886 4465
3450 2887 4466
3451 2888 4467
3452 2889 4468
3453 2890 4469
3454 2891 4470
3455 2892 4471
3456 2893 4472
3457 2894 4473
3458 2895 4474
3459 2896 4475
3460 2897 4476
3461 2898 4477
3462 2899 4478
3463 2900 4479
3464 2901 4480
3465 2902 4481
3466 2903 4482
3467 2904 4483
3468 2905 4484
3469 2906 4485
3470 2907 4486
3471 2908 4487
3472 2909 4488
3473 2910 4489
3474 2911 4490
3475 2912 4491
3476 2913 4492
3477 2914 4493
3478 2915 4494
3479 2916 4495
3480 2917 4496
3481 2918 4497
3482 2919 4498
3483 2920 4499
3484 2921 4500
3485 2922 4501
3486 2923 4502
3487 2924 4503
3488 2925 4504
3489 2926 4505
3490 2927 4506
3491 2928 4507
3492 2929 4508
3493 2930 4509
3494 2931 4510
3495 2932 4511
3496 2933 4512
3497 2934 4513
3498 2935 4514
3499 2936 4515
3500 2937 4516
3501 2938 4517
3502 2939 4518
3503 2940 4519
3504 2941 4520
3505 2942 4521
3506 2943 4522
3507 2944 4523
3508 2945 4524
3509 2946 4525
3510 2947 4526
3511 2948 4527
3512 2949 4528
3513 2950 4529
3514 2951 4530
3515 2952 4531
3516 2953 4532
3517 2954 4533
3518 2955 4534
3519 2956 4535
3520 2957 4536
3521 2958 4537
3522 2959 4538
3523 2960 4539
3524 2961 4540
3525 2962 4541
3526 2963 4542
3527 2964 4543
3528 2965 4544
3529 2966 4545
3530 2967 4546
3531 2968 4547
3532 2969 4548
3533 2970 4549
3534 2971 4550
3535 2972 4551
3536 2973 4552
3537 2974 4553
3538 2975 4554
3539 2976 4555
3540 2977 4556
3541 2978 4557
3542 2979 4558
3543 2980 4559
3544 2981 4560
3545 2982 4561
3546 2983 4562
3547 2984 4563
3548 2985 4564
3549 2986 4565
3550 2987 4566
3551 2988 4567
3552 2989 4568
3553 2990 4569
3554 2991 4570
3555 2992 4571
3556 2993 4572
3557 2994 4573
3558 2995 4574
3559 2996 4575
3560 2997 4576
3561 2998 4577
3562 2999 4578
3563 3000 4579
3564 3001 4580
3565 3002 4581
3566 3003 4582
3567 3004 4583
3568 3005 4584
3569 3006 4585
3570 3007 4586
3571 3008 4587
3572 3009 4588
3573 3010 4589
3574 3011 4590
3575 3012 4591
3576 3013 4592
3577 3014 4593
3578 3015 4594
3579 3016 4595
3580 3017 4596
3581 3018 4597
3582 3019 4598
3583 3020 4599
3584 3021 4600
3585 3022 4601
3586 3023 4602
3587 3024 4603
3588 3025 4604
3589 3026 4605
3590 3027 4606
3591 3028 4607
3592 3029 4608
3593 3030 4609
3594 3031 4610
3595 3032 4611
3596 3033 4612
3597 3034 4613
3598 3035 4614
3599 3036 4615
3600 3037 4616
3601 3038 4617
3602 3039 4618
3603 3040 4619
3604 3041 4620
3605 3042 4621
3606 3043 4622
3607 3044 4623
3608 3045 4624
3609 3046 4625
3610 3047 4626
3611 3048 4627
3612 3049 4628
3613 3050 4629
3614 3051 4630
3615 3052 4631
3616 3053 4632
3617 3054 4633
3618 3055 4634
3619 3056 4635
3620 3057 4636
3621 3058 4637
3622 3059 4638
3623 3060 4639
3624 3061 4640
3625 3062 4641
3626 3063 4642
3627 3064 4643
3628 3065 4644
3629 3066 4645
3630 3067 4646
3631 3068 4647
3632 3069 4648
3633 3070 4649
3634 3071 4650
3635 3072 4651
3636 3073 4652
3637 3074 4653
3638 3075 4654
3639 3076 4655
3640 3077 4656
3641 3078 4657
3642 3079 4658
3643 3080 4659
3644 3081 4660
3645 3082 4661
3646 3083 4662
3647 3084 4663
3648 3085 4664
3649 3086 4665
3650 3087 4666
3651 3088 4667
3652 3089 4668
3653 3090 4669
3654 3091 4670
3655 3092 4671
3656 3093 4672
3657 3094 4673
3658 3095 4674
3659 3096 4675
3660 3097 4676
3661 3098 4677
3662 3099 4678
3663 3100 4679
3664 3101 4680
3665 3102 4681
3666 3103 4682
3667 3104 4683
3668 3105 4684
3669 3106 4685
3670 3107 4686
3671 3108 4687
3672 3109 4688
3673 3110 4689
3674 3111 4690
3675 3112 4691
3676 3113 4692
3677 3114 4693
3678 3115 4694
3679 3116 4695
3680 3117 4696
3681 3118 4697
3682 3119 4698
3683 3120 4699
3684 3121 4700
3685 3122 4701
3686 3123 4702
3687 3124 4703
3688 3125 4704
3689 3126 4705
3690 3127 4706
3691 3128 4707
3692 3129 4708
3693 3130 4709
3694 3131 4710
3695 3132 4711
3696 3133 4712
3697 3134 4713
3698 3135 4714
3699 3136 4715
3700 3137 4716
3701 3138 4717
3702 3139 4718
3703 3140 4719
3704 3141 4720
3705 3142 4721
3706 3143 4722
3707 3144 4723
3708 3145 4724
3709 3146 4725
3710 3147 4726
3711 3148 4727
3712 3149 4728
3713 3150 4729
3714 3151 4730
3715 3152 4731
3716 3153 4732
3717 3154 4733
3718 3155 4734
3719 3156 4735
3720 3157 4736
3721 3158 4737
3722 3159 4738
3723 3160 4739
3724 3161 4740
3725 3162 4741
3726 3163 4742
3727 3164 4743
3728 3165 4744
3729 3166 4745
3730 3167 4746
3731 3168 4747
3732 3169 4748
3733 3170 4749
3734 3171 4750
3735 3172 4751
3736 3173 4752
3737 3174 4753
3738 3175 4754
3739 3176 4755
3740 3177 4756
3741 3178 4757
3742 3179 4758
3743 3180 4759
3744 3181 4760
3745 3182 4761
3746 3183 4762
3747 3184 4763
3748 3185 4764
3749 3186 4765
3750 3187 4766
3751 3188 4767
3752 3189 4768
3753 3190 4769
3754 3191 4770
3755 3192 4771
3756 3193 4772
3757 3194 4773
3758 3195 4774
3759 3196 4775
3760 3197 4776
3761 3198 4777
3762 3199 4778
3763 3200 4779
3764 3201 4780
3765 3202 4781
3766 3203 4782
3767 3204 4783
3768 3205 4784
3769 3206 4785
3770 3207 4786
3771 3208 4787
3772 3209 4788
3773 3210 4789
3774 3211 4790
3775 3212 4791
3776 3213 4792
3777 3214 4793
3778 3215 4794
3779 3216 4795
3780 3217 4796
3781 3218 4797
3782 3219 4798
3783 3220 4799
3784 3221 4800
3785 3222 4801
3786 3223 4802
3787 3224 4803
3788 3225 4804
3789 3226 4805
3790 3227 4806
3791 3228 4807
3792 3229 4808
3793 3230 4809
3794 3231 4810
3795 3232 4811
3796 3233 4812
3797 3234 4813
3798 3235 4814
3799 3236 4815
3800 3237 4816
3801 3238 4817
3802 3239 4818
3803 3240 4819
3804 3241 4820
3805 3242 4821
3806 3243 4822
3807 3244 4823
3808 3245 4824
3809 3246 4825
3810 3247 4826
3811 3248 4827
3812 3249 4828
3813 3250 4829
3814 3251 4830
3815 3252 4831
3816 3253 4832
3817 3254 4833
3818 3255 4834
3819 3256 4835
3820 3257 4836
3821 3258 4837
3822 3259 4838
3823 3260 4839
3824 3261 4840
3825 3262 4841
3826 3263 4842
3827 3264 4843
3828 3265 4844
3829 3266 4845
3830 3267 4846
3831 3268 4847
3832 3269 4848
3833 3270 4849
3834 3271 4850
3835 3272 4851
3836 3273 4852
3837 3274 4853
3838 3275 4854
3839 3276 4855
3840 3277 4856
3841 3278 4857
3842 3279 4858
3843 3280 4859
3844 3281 4860
3845 3282 4861
3846 3283 4862
3847 3284 4863
3848 3285 4864
3849 3286 4865
3850 3287 4866
3851 3288 4867
3852 3289 4868
3853 3290 4869
3855 3291 4871
3856 3292 4872
3857 3293 4873
3858 3294 4874
3859 3295 4875
3860 3296 4876
3861 3297 4877
3862 3298 4878
3863 3299 4879
3864 3300 4880
3865 3301 4881
3866 3302 4882
3867 3303 4883
3868 3304 4884
3869 3305 4885
3870 3306 4886
3871 3307 4887
3872 3308 4888
3873 3309 4889
3874 3310 4890
3875 3311 4891
3876 3312 4892
3877 3313 4893
3878 3314 4894
3879 3315 4895
3880 3316 4896
3881 3317 4897
3882 3318 4898
3883 3319 4899
3884 3320 4900
3885 3321 4901
3886 3322 4902
3887 3323 4903
3888 3324 4904
3889 3325 4905
3890 3326 4906
3891 3327 4907
3892 3328 4908
3893 3329 4909
3894 3330 4910
3895 3331 4911
3896 3332 4912
3897 3333 4913
3898 3334 4914
3899 3335 4915
3900 3336 4916
3901 3337 4917
3902 3338 4918
3903 3339 4919
3904 3340 4920
3905 3341 4921
3906 3342 4922
3907 3343 4923
3908 3344 4924
3909 3345 4925
3910 3346 4926
3911 3347 4927
3912 3348 4928
3913 3349 4929
3914 3350 4930
3915 3351 4931
3916 3352 4932
3917 3353 4933
3918 3354 4934
3919 3355 4935
3920 3356 4936
3921 3357 4937
3922 3358 4938
3923 3359 4939
