1 1
2 2
3 3
4 4
5 5
6 6
7 7
8 8
9 9
10 10
11 11
12 12
13 13
14 14
15 15
16 16
17 17
18 18
19 19
20 20
21 21
22 22
23 23
24 24
25 25
26 26
27 27
28 28
29 29
30 30
31 31
32 32
33 33
34 34
35 35
36 36
37 37
38 38
39 39
40 40
41 41
42 42
43 43
44 44
45 45
46 46
47 47
48 48
49 49
50 50
51 51
52 52
53 53
54 54
55 55
56 56
57 57
58 58
59 59
60 60
61 61
62 62
63 63
64 64
65 65
66 66
67 67
68 68
69 69
70 70
71 71
72 72
73 73
74 74
75 75
76 76
77 77
78 78
79 79
80 80
81 81
82 82
83 83
84 84
85 85
86 86
87 87
88 88
89 89
90 90
91 91
92 92
93 93
94 94
95 95
96 96
97 97
98 98
99 99
100 100
101 101
102 102
103 103
104 104
105 105
106 106
107 107
108 108
109 109
110 110
111 111
112 112
113 113
114 114
115 115
116 116
117 117
118 118
119 119
120 120
121 121
122 122
123 123
124 124
125 125
126 126
127 127
128 128
129 129
130 130
131 131
132 132
133 133
134 134
135 135
136 136
137 137
138 138
139 139
140 140
141 141
142 142
143 143
144 144
145 145
146 146
147 147
148 148
149 149
150 150
151 151
152 152
153 153
154 154
155 155
156 156
157 157
158 158
159 159
160 160
161 161
162 162
163 163
164 164
165 165
166 166
167 167
168 168
169 169
170 170
171 171
172 172
173 173
174 174
175 175
176 176
177 177
178 178
179 179
180 180
181 181
182 182
183 183
184 184
185 185
186 186
187 187
188 188
189 189
190 190
191 191
192 192
193 193
194 194
195 195
196 196
197 197
198 198
199 199
200 200
201 201
202 202
203 203
204 204
205 205
206 206
207 207
208 208
209 209
210 210
211 211
212 212
213 213
214 214
215 215
216 216
217 217
218 218
219 219
220 220
221 221
222 222
223 223
224 224
225 225
226 226
227 227
228 228
229 229
230 230
231 231
232 232
233 233
234 234
235 235
236 236
237 237
238 238
239 239
240 240
241 241
242 242
243 243
244 244
245 245
246 246
247 247
248 248
249 249
250 250
251 251
252 252
253 253
254 254
255 255
256 256
257 257
258 258
259 259
260 260
261 261
262 262
263 263
264 264
265 265
266 266
267 267
268 268
269 269
270 270
271 271
272 272
273 273
274 274
275 275
276 276
277 277
278 278
279 279
280 280
281 281
282 282
283 283
284 284
285 285
286 286
287 287
288 288
289 289
290 290
291 291
292 292
293 293
294 294
295 295
296 296
297 297
298 298
299 299
300 300
301 301
302 302
303 303
304 304
305 305
306 306
307 307
308 308
309 309
310 310
311 311
312 312
313 313
314 314
315 315
316 316
317 317
318 318
319 319
320 320
321 321
322 322
323 323
324 324
325 325
326 326
327 327
328 328
329 329
330 330
331 331
332 332
333 333
334 334
335 335
336 336
337 337
338 338
339 339
340 340
341 341
342 342
343 343
344 344
345 345
346 346
347 347
348 348
349 349
350 350
351 351
352 352
353 353
354 354
355 355
356 356
357 357
358 358
359 359
360 360
361 361
362 362
363 363
364 364
365 365
366 366
367 367
368 368
369 369
370 370
371 371
372 372
373 373
374 374
375 375
376 376
377 377
378 378
379 379
380 380
381 381
382 382
383 383
384 384
385 385
386 386
387 387
388 388
389 389
390 390
391 391
392 392
393 393
394 394
395 395
396 396
397 397
398 398
399 399
400 400
401 401
402 402
403 403
404 404
405 405
406 406
407 407
408 408
409 409
410 410
411 411
412 412
413 413
414 414
415 415
416 416
417 417
418 418
419 419
420 420
421 421
422 422
423 423
424 424
425 425
426 426
427 427
428 428
429 429
430 430
431 431
432 432
433 433
434 434
435 435
436 436
437 437
438 438
439 439
440 440
441 441
442 442
443 443
444 444
445 445
446 446
447 447
448 448
449 449
450 450
451 451
452 452
453 453
454 454
455 455
456 456
457 457
458 458
459 459
460 460
461 461
462 462
463 463
464 464
465 465
466 466
467 467
468 468
469 469
470 470
471 471
472 472
473 473
474 474
475 475
476 476
477 477
478 478
479 479
480 480
481 481
482 482
483 483
484 484
485 485
486 486
487 487
488 488
489 489
490 490
491 491
492 492
493 493
494 494
495 495
496 496
497 497
498 498
499 499
500 500
501 501
502 502
503 503
504 504
505 505
506 506
507 507
508 508
509 509
510 510
511 511
512 512
513 513
514 514
515 515
516 516
517 517
518 518
519 519
520 520
521 521
522 522
523 523
524 524
525 525
526 526
527 527
528 528
529 529
530 530
531 531
532 532
533 533
534 534
535 535
536 536
537 537
538 538
539 539
540 540
541 541
542 542
543 543
544 544
545 545
546 546
547 547
548 548
549 549
550 550
551 551
552 552
553 553
554 554
555 555
556 556
557 557
558 558
559 559
560 560
561 561
562 562
563 563
564 564
565 565
566 566
567 567
568 568
569 569
570 570
571 571
572 572
573 573
574 574
575 575
576 576
577 577
578 578
579 579
580 580
581 581
582 582
583 583
584 584
585 585
586 586
587 587
588 588
589 589
590 590
591 591
592 592
593 593
594 594
595 595
596 596
597 597
598 598
599 599
600 600
601 601
602 602
603 603
604 604
605 605
606 606
607 607
608 608
609 609
610 610
611 611
612 612
613 613
614 614
615 615
616 616
617 617
618 618
619 619
620 620
621 621
622 622
623 623
624 624
625 625
626 626
627 627
628 628
629 629
630 630
631 631
632 632
633 633
634 634
635 635
636 636
637 637
638 638
639 639
640 640
641 641
642 642
643 643
644 644
645 645
646 646
647 647
648 648
649 649
650 650
651 651
652 652
653 653
654 654
655 655
656 656
657 657
658 658
659 659
660 660
661 661
662 662
663 663
664 664
665 665
666 666
667 667
668 668
669 669
670 670
671 671
672 672
673 673
674 674
675 675
676 676
677 677
678 678
679 679
680 680
681 681
682 682
683 683
684 684
685 685
686 686
687 687
688 688
689 689
690 690
691 691
692 692
693 693
694 694
695 695
696 696
697 697
698 698
699 699
700 700
701 701
702 702
703 703
704 704
705 705
706 706
707 707
708 708
709 709
710 710
711 711
712 712
713 713
714 714
715 715
716 716
717 717
718 718
719 719
720 720
721 721
722 722
723 723
724 724
725 725
726 726
727 727
728 728
729 729
730 730
731 731
732 732
733 733
734 734
735 735
736 736
737 737
738 738
739 739
740 740
741 741
742 742
743 743
744 744
745 745
746 746
747 747
748 748
749 749
750 750
751 751
752 752
753 753
754 754
755 755
756 756
757 757
758 758
759 759
760 760
761 761
762 762
763 763
764 764
765 765
766 766
767 767
768 768
769 769
770 770
771 771
772 772
773 773
774 774
775 775
776 776
777 777
778 778
779 779
780 780
781 781
782 782
783 783
784 784
785 785
786 786
787 787
788 788
789 789
790 790
791 791
792 792
793 793
794 794
795 795
796 796
797 797
798 798
799 799
800 800
801 801
802 802
803 803
804 804
805 805
806 806
807 807
808 808
809 809
810 810
811 811
812 812
813 813
814 814
815 815
816 816
817 817
818 818
819 819
820 820
821 821
822 822
823 823
824 824
825 825
826 826
827 827
828 828
829 829
830 830
831 831
832 832
833 833
834 834
835 835
836 836
837 837
838 838
839 839
840 840
841 841
842 842
843 843
844 844
845 845
846 846
847 847
848 848
849 849
850 850
851 851
852 852
853 853
854 854
855 855
856 856
857 857
858 858
859 859
860 860
861 861
862 862
863 863
864 864
865 865
866 866
867 867
868 868
869 869
870 870
871 871
872 872
873 873
874 874
875 875
876 876
877 877
878 878
879 879
880 880
881 881
882 882
883 883
884 884
885 885
886 886
887 887
888 888
889 889
890 890
891 891
892 892
893 893
894 894
895 895
896 896
897 897
898 898
899 899
900 900
901 901
902 902
903 903
904 904
905 905
906 906
907 907
908 908
909 909
910 910
911 911
912 912
913 913
914 914
915 915
916 916
917 917
918 918
919 919
920 920
921 921
922 922
923 923
924 924
925 925
926 926
927 927
928 928
929 929
930 930
931 931
932 932
933 933
934 934
935 935
936 936
937 937
938 938
939 939
940 940
941 941
942 942
943 943
944 944
945 945
946 946
947 947
948 948
949 949
950 950
951 951
952 952
953 953
954 954
955 955
956 956
957 957
958 958
959 959
960 960
961 961
962 962
963 963
964 964
965 965
966 966
967 967
968 968
969 969
970 970
971 971
972 972
973 973
974 974
975 975
976 976
977 977
978 978
979 979
980 980
981 981
982 982
983 983
984 984
985 985
986 986
987 987
988 988
989 989
990 990
991 991
992 992
993 993
994 994
995 995
996 996
997 997
998 998
999 999
1000 1000
1001 1001
1002 1002
1003 1003
1004 1004
1005 1005
1006 1006
1007 1007
1008 1008
1009 1009
1010 1010
1011 1011
1012 1012
1013 1013
1014 1014
1015 1015
1016 1016
1017 1017
1018 1018
1019 1019
1020 1020
1021 1021
1022 1022
1023 1023
1024 1024
1025 1025
1026 1026
1027 1027
1028 1028
1029 1029
1030 1030
1031 1031
1032 1032
1033 1033
1034 1034
1035 1035
1036 1036
1037 1037
1038 1038
1039 1039
1040 1040
1041 1041
1042 1042
1043 1043
1044 1044
1045 1045
1046 1046
1047 1047
1048 1048
1049 1049
1050 1050
1051 1051
1052 1052
1053 1053
1054 1054
1055 1055
1056 1056
1057 1057
1058 1058
1059 1059
1060 1060
1061 1061
1062 1062
1063 1063
1064 1064
1065 1065
1066 1066
1067 1067
1068 1068
1069 1069
1070 1070
1071 1071
1072 1072
1073 1073
1074 1074
1075 1075
1076 1076
1077 1077
1078 1078
1079 1079
1080 1080
1081 1081
1082 1082
1083 1083
1084 1084
1085 1085
1086 1086
1087 1087
1088 1088
1089 1089
1090 1090
1091 1091
1092 1092
1093 1093
1094 1094
1095 1095
1096 1096
1097 1097
1098 1098
1099 1099
1100 1100
1101 1101
1102 1102
1103 1103
1104 1104
1105 1105
1106 1106
1107 1107
1108 1108
1109 1109
1110 1110
1111 1111
1112 1112
1113 1113
1114 1114
1115 1115
1116 1116
1117 1117
1118 1118
1119 1119
1120 1120
1121 1121
1122 1122
1123 1123
1124 1124
1125 1125
1126 1126
1127 1127
1128 1128
1129 1129
1130 1130
1131 1131
1132 1132
1133 1133
1134 1134
1135 1135
1136 1136
1137 1137
1138 1138
1139 1139
1140 1140
1141 1141
1142 1142
1143 1143
1144 1144
1145 1145
1146 1146
1147 1147
1148 1148
1149 1149
1150 1150
1151 1151
1152 1152
1153 1153
1154 1154
1155 1155
1156 1156
1157 1157
1158 1158
1159 1159
1160 1160
1161 1161
1162 1162
1163 1163
1164 1164
1165 1165
1166 1166
1167 1167
1168 1168
1169 1169
1170 1170
1171 1171
1172 1172
1173 1173
1174 1174
1175 1175
1176 1176
1177 1177
1178 1178
1179 1179
1180 1180
1181 1181
1182 1182
1183 1183
1184 1184
1185 1185
1186 1186
1187 1187
1188 1188
1189 1189
1190 1190
1191 1191
1192 1192
1193 1193
1194 1194
1195 1195
1196 1196
1197 1197
1198 1198
1199 1199
1200 1200
1201 1201
1202 1202
1203 1203
1204 1204
1205 1205
1206 1206
1207 1207
1208 1208
1209 1209
1210 1210
1211 1211
1212 1212
1213 1213
1214 1214
1215 1215
1216 1216
1217 1217
1218 1218
1219 1219
1220 1220
1221 1221
1222 1222
1223 1223
1224 1224
1225 1225
1226 1226
1227 1227
1228 1228
1229 1229
1230 1230
1231 1231
1232 1232
1233 1233
1234 1234
1235 1235
1236 1236
1237 1237
1238 1238
1239 1239
1240 1240
1241 1241
1242 1242
1243 1243
1244 1244
1245 1245
1246 1246
1247 1247
1248 1248
1249 1249
1273 1250
1306 1251
1318 1252
1742 1253
1743 1254
1744 1255
1745 1256
1746 1257
1747 1258
1748 1259
1749 1260
1750 1261
1751 1262
1752 1263
1753 1264
1754 1265
1755 1266
1756 1267
1757 1268
1758 1269
1759 1270
1760 1271
1761 1272
1762 1273
1763 1274
1764 1275
1765 1276
1766 1277
1767 1278
1768 1279
1769 1280
1770 1281
1771 1282
1772 1283
1773 1284
1774 1285
1775 1286
1776 1287
1777 1288
1778 1289
1779 1290
1780 1291
1781 1292
1782 1293
1783 1294
1784 1295
1785 1296
1786 1297
1787 1298
1788 1299
1789 1300
1790 1301
1791 1302
1792 1303
1793 1304
1794 1305
1795 1306
1796 1307
1797 1308
1798 1309
1799 1310
1800 1311
1801 1312
1802 1313
1803 1314
1804 1315
1805 1316
1806 1317
1807 1318
1808 1319
1809 1320
1810 1321
1811 1322
1812 1323
1813 1324
1814 1325
1815 1326
1816 1327
1817 1328
1818 1329
1819 1330
1820 1331
1821 1332
1822 1333
1823 1334
1824 1335
1825 1336
1826 1337
1827 1338
1828 1339
1829 1340
1830 1341
1831 1342
1832 1343
1833 1344
1834 1345
1835 1346
1836 1347
1837 1348
1838 1349
1839 1350
1840 1351
1841 1352
1842 1353
1843 1354
1844 1355
1845 1356
1846 1357
1847 1358
1848 1359
1849 1360
1850 1361
1851 1362
1852 1363
1853 1364
1854 1365
1855 1366
1856 1367
1857 1368
1858 1369
1859 1370
1860 1371
1861 1372
1862 1373
1863 1374
1864 1375
1865 1376
1866 1377
1867 1378
1868 1379
1869 1380
1870 1381
1871 1382
1872 1383
1873 1384
1874 1385
1875 1386
1876 1387
1877 1388
1878 1389
1879 1390
1880 1391
1881 1392
1882 1393
1901 1394
1925 1395
1930 1396
1931 1397
1933 1398
1934 1399
1935 1400
1936 1401
1937 1402
1938 1403
1939 1404
1940 1405
1941 1406
1942 1407
1943 1408
1944 1409
1945 1410
1946 1411
1947 1412
1948 1413
1949 1414
1950 1415
1951 1416
1952 1417
1953 1418
1954 1419
1955 1420
1956 1421
1957 1422
1958 1423
1959 1424
1960 1425
1961 1426
1962 1427
1963 1428
1964 1429
1965 1430
1966 1431
1967 1432
1968 1433
1969 1434
1970 1435
1971 1436
1972 1437
1973 1438
1974 1439
1978 1440
1979 1441
1981 1442
1982 1443
1983 1444
1984 1445
1985 1446
1986 1447
1987 1448
1988 1449
1989 1450
1990 1451
1991 1452
1992 1453
1993 1454
1994 1455
1995 1456
1996 1457
1997 1458
1998 1459
1999 1460
2002 1461
2003 1462
2004 1463
2005 1464
2006 1465
2007 1466
2008 1467
2009 1468
2010 1469
2011 1470
2012 1471
2013 1472
2014 1473
2015 1474
2016 1475
2017 1476
2018 1477
2019 1478
2020 1479
2021 1480
2022 1481
2023 1482
2024 1483
2025 1484
2026 1485
2027 1486
2028 1487
2029 1488
2030 1489
2031 1490
2032 1491
2033 1492
2034 1493
2035 1494
2036 1495
2037 1496
2038 1497
2039 1498
2040 1499
2041 1500
2042 1501
2043 1502
2044 1503
2045 1504
2046 1505
2047 1506
2048 1507
2049 1508
2050 1509
2051 1510
2052 1511
2053 1512
2054 1513
2055 1514
2056 1515
2057 1516
2058 1517
2059 1518
2060 1519
2061 1520
2062 1521
2063 1522
2064 1523
2065 1524
2066 1525
2067 1526
2068 1527
2069 1528
2070 1529
2071 1530
2072 1531
2073 1532
2074 1533
2075 1534
2076 1535
2077 1536
2078 1537
2079 1538
2080 1539
2081 1540
2082 1541
2083 1542
2084 1543
2085 1544
2086 1545
2087 1546
2088 1547
2089 1548
2090 1549
2091 1550
2092 1551
2093 1552
2094 1553
2095 1554
2096 1555
2097 1556
2098 1557
2099 1558
2100 1559
2101 1560
2102 1561
2103 1562
2104 1563
2105 1564
2106 1565
2107 1566
2108 1567
2109 1568
2110 1569
2111 1570
2112 1571
2113 1572
2114 1573
2115 1574
2116 1575
2117 1576
2118 1577
2119 1578
2120 1579
2121 1580
2122 1581
2123 1582
2124 1583
2125 1584
2126 1585
2127 1586
2128 1587
2129 1588
2130 1589
2131 1590
2132 1591
2133 1592
2134 1593
2135 1594
2136 1595
2137 1596
2138 1597
2139 1598
2140 1599
2141 1600
2142 1601
2143 1602
2144 1603
2145 1604
2146 1605
2147 1606
2148 1607
2149 1608
2150 1609
2151 1610
2152 1611
2153 1612
2154 1613
2155 1614
2156 1615
2157 1616
2158 1617
2159 1618
2160 1619
2161 1620
2162 1621
2163 1622
2164 1623
2165 1624
2166 1625
2167 1626
2168 1627
2169 1628
2170 1629
2171 1630
2172 1631
2173 1632
2174 1633
2175 1634
2176 1635
2177 1636
2178 1637
2179 1638
2180 1639
2181 1640
2182 1641
2183 1642
2184 1643
2185 1644
2186 1645
2187 1646
2188 1647
2189 1648
2190 1649
2191 1650
2192 1651
2193 1652
2194 1653
2195 1654
2196 1655
2197 1656
2198 1657
2199 1658
2200 1659
2201 1660
2202 1661
2203 1662
2204 1663
2205 1664
2206 1665
2207 1666
2208 1667
2209 1668
2210 1669
2211 1670
2212 1671
2213 1672
2214 1673
2215 1674
2216 1675
2217 1676
2218 1677
2219 1678
2220 1679
2221 1680
2222 1681
2223 1682
2224 1683
2225 1684
2226 1685
2227 1686
2228 1687
2229 1688
2230 1689
2231 1690
2232 1691
2233 1692
2234 1693
2235 1694
2236 1695
2237 1696
2238 1697
2239 1698
2240 1699
2241 1700
2242 1701
2243 1702
2244 1703
2245 1704
2246 1705
2247 1706
2248 1707
2249 1708
2250 1709
2251 1710
2252 1711
2253 1712
2254 1713
2255 1714
2256 1715
2257 1716
2258 1717
2259 1718
2260 1719
2261 1720
2262 1721
2263 1722
2264 1723
2265 1724
2266 1725
2267 1726
2268 1727
2269 1728
2270 1729
2271 1730
2272 1731
2273 1732
2274 1733
2275 1734
2276 1735
2277 1736
2278 1737
2279 1738
2280 1739
2281 1740
2282 1741
2283 1742
2284 1743
2285 1744
2286 1745
2287 1746
2288 1747
2289 1748
2290 1749
2291 1750
2292 1751
2293 1752
2294 1753
2295 1754
2296 1755
2297 1756
2298 1757
2299 1758
2300 1759
2301 1760
2302 1761
2303 1762
2304 1763
2305 1764
2306 1765
2307 1766
2308 1767
2309 1768
2310 1769
2311 1770
2312 1771
2313 1772
2314 1773
2315 1774
2316 1775
2317 1776
2318 1777
2319 1778
2320 1779
2321 1780
2322 1781
2323 1782
2324 1783
2325 1784
2326 1785
2327 1786
2328 1787
2329 1788
2330 1789
2331 1790
2332 1791
2333 1792
2334 1793
2335 1794
2336 1795
2337 1796
2338 1797
2339 1798
2340 1799
2341 1800
2342 1801
2343 1802
2344 1803
2345 1804
2346 1805
2347 1806
2348 1807
2349 1808
2350 1809
2351 1810
2352 1811
2353 1812
2354 1813
2355 1814
2356 1815
2357 1816
2358 1817
2359 1818
2360 1819
2361 1820
2362 1821
2363 1822
2364 1823
2365 1824
2366 1825
2367 1826
2368 1827
2369 1828
2370 1829
2371 1830
2372 1831
2373 1832
2374 1833
2375 1834
2376 1835
2377 1836
2378 1837
2379 1838
2380 1839
2381 1840
2382 1841
2383 1842
2384 1843
2385 1844
2386 1845
2387 1846
2388 1847
2389 1848
2390 1849
2391 1850
2392 1851
2393 1852
2394 1853
2395 1854
2396 1855
2397 1856
2398 1857
2399 1858
2400 1859
2401 1860
2402 1861
2403 1862
2404 1863
2405 1864
2406 1865
2407 1866
2408 1867
2409 1868
2410 1869
2411 1870
2412 1871
2413 1872
2414 1873
2415 1874
2416 1875
2417 1876
2418 1877
2419 1878
2420 1879
2421 1880
2422 1881
2423 1882
2424 1883
2425 1884
2426 1885
2427 1886
2428 1887
2429 1888
2430 1889
2431 1890
2432 1891
2433 1892
2434 1893
2435 1894
2436 1895
2437 1896
2438 1897
2439 1898
2440 1899
2441 1900
2442 1901
2443 1902
2444 1903
2445 1904
2446 1905
2447 1906
2448 1907
2449 1908
2450 1909
2451 1910
2452 1911
2453 1912
2454 1913
2455 1914
2456 1915
2457 1916
2458 1917
2459 1918
2460 1919
2461 1920
2462 1921
2463 1922
2464 1923
2465 1924
2466 1925
2467 1926
2468 1927
2469 1928
2470 1929
2472 1930
2473 1931
2474 1932
2475 1933
2476 1934
2477 1935
2478 1936
2479 1937
2480 1938
2481 1939
2482 1940
2483 1941
2484 1942
2485 1943
2486 1944
2487 1945
2488 1946
2489 1947
2490 1948
2491 1949
2492 1950
2493 1951
2494 1952
2495 1953
2496 1954
2497 1955
2498 1956
2499 1957
2500 1958
2501 1959
2502 1960
2503 1961
2504 1962
2505 1963
2506 1964
2507 1965
2508 1966
2509 1967
2510 1968
2511 1969
2512 1970
2513 1971
2514 1972
2515 1973
2516 1974
2517 1975
2518 1976
2519 1977
2520 1978
2521 1979
2522 1980
2523 1981
2524 1982
2525 1983
2526 1984
2527 1985
2528 1986
2529 1987
2530 1988
2531 1989
2532 1990
2533 1991
2534 1992
2535 1993
2536 1994
2537 1995
2538 1996
2539 1997
2540 1998
2541 1999
2542 2000
2543 2001
2544 2002
2545 2003
2546 2004
2547 2005
2548 2006
2549 2007
2550 2008
2551 2009
2552 2010
2553 2011
2554 2012
2555 2013
2556 2014
2557 2015
2558 2016
2559 2017
2560 2018
2561 2019
2562 2020
2563 2021
2564 2022
2565 2023
2566 2024
2567 2025
2568 2026
2569 2027
2570 2028
2571 2029
2572 2030
2573 2031
2574 2032
2575 2033
2576 2034
2577 2035
2578 2036
2579 2037
2580 2038
2581 2039
2582 2040
2583 2041
2584 2042
2585 2043
2586 2044
2587 2045
2588 2046
2589 2047
2590 2048
2591 2049
2592 2050
2593 2051
2594 2052
2595 2053
2596 2054
2597 2055
2598 2056
2599 2057
2600 2058
2601 2059
2602 2060
2603 2061
2604 2062
2605 2063
2606 2064
2607 2065
2608 2066
2609 2067
2610 2068
2611 2069
2612 2070
2613 2071
2614 2072
2615 2073
2616 2074
2617 2075
2618 2076
2619 2077
2620 2078
2621 2079
2622 2080
2623 2081
2624 2082
2625 2083
2626 2084
2627 2085
2628 2086
2629 2087
2630 2088
2631 2089
2632 2090
2633 2091
2634 2092
2635 2093
2636 2094
2637 2095
2638 2096
2639 2097
2640 2098
2641 2099
2642 2100
2643 2101
2644 2102
2645 2103
2646 2104
2647 2105
2648 2106
2649 2107
2650 2108
2651 2109
2652 2110
2653 2111
2654 2112
2655 2113
2656 2114
2657 2115
2658 2116
2659 2117
2660 2118
2661 2119
2662 2120
2663 2121
2664 2122
2665 2123
2666 2124
2667 2125
2668 2126
2669 2127
2670 2128
2671 2129
2672 2130
2673 2131
2674 2132
2675 2133
2676 2134
2677 2135
2678 2136
2679 2137
2680 2138
2681 2139
2682 2140
2683 2141
2684 2142
2685 2143
2686 2144
2687 2145
2688 2146
2689 2147
2690 2148
2691 2149
2692 2150
2693 2151
2694 2152
2695 2153
2696 2154
2697 2155
2698 2156
2699 2157
2700 2158
2701 2159
2702 2160
2703 2161
2704 2162
2705 2163
2706 2164
2707 2165
2708 2166
2709 2167
2710 2168
2711 2169
2712 2170
2713 2171
2714 2172
2715 2173
2716 2174
2717 2175
2718 2176
2719 2177
2720 2178
2721 2179
2722 2180
2723 2181
2724 2182
2725 2183
2726 2184
2727 2185
2728 2186
2729 2187
2730 2188
2731 2189
2732 2190
2733 2191
2734 2192
2735 2193
2736 2194
2737 2195
2738 2196
2739 2197
2740 2198
2741 2199
2742 2200
2743 2201
2744 2202
2745 2203
2746 2204
2747 2205
2748 2206
2749 2207
2750 2208
2751 2209
2752 2210
2753 2211
2754 2212
2755 2213
2756 2214
2757 2215
2758 2216
2759 2217
2760 2218
2761 2219
2762 2220
2763 2221
2764 2222
2765 2223
2766 2224
2767 2225
2768 2226
2769 2227
2770 2228
2771 2229
2772 2230
2773 2231
2774 2232
2775 2233
2776 2234
2777 2235
2778 2236
2779 2237
2780 2238
2781 2239
2782 2240
2783 2241
2784 2242
2785 2243
2786 2244
2787 2245
2788 2246
2789 2247
2790 2248
2791 2249
2792 2250
2793 2251
2794 2252
2795 2253
2796 2254
2797 2255
2798 2256
2799 2257
2800 2258
2801 2259
2802 2260
2803 2261
2804 2262
2805 2263
2806 2264
2807 2265
2808 2266
2809 2267
2810 2268
2811 2269
2812 2270
2813 2271
2814 2272
2815 2273
2816 2274
2817 2275
2818 2276
2819 2277
2820 2278
2821 2279
2822 2280
2823 2281
2824 2282
2825 2283
2826 2284
2827 2285
2828 2286
2829 2287
2830 2288
2831 2289
2832 2290
2833 2291
2834 2292
2835 2293
2836 2294
2837 2295
2838 2296
2839 2297
2840 2298
2841 2299
2842 2300
2843 2301
2844 2302
2845 2303
2846 2304
2847 2305
2848 2306
2849 2307
2850 2308
2851 2309
2852 2310
2853 2311
2854 2312
2855 2313
2856 2314
2857 2315
2858 2316
2859 2317
2860 2318
2861 2319
2862 2320
2863 2321
2864 2322
2865 2323
2866 2324
2867 2325
2868 2326
2869 2327
2870 2328
2871 2329
2872 2330
2873 2331
2874 2332
2875 2333
2876 2334
2877 2335
2878 2336
2879 2337
2880 2338
2881 2339
2882 2340
2883 2341
2884 2342
2885 2343
2886 2344
2887 2345
2888 2346
2889 2347
2890 2348
2891 2349
2892 2350
2893 2351
2894 2352
2895 2353
2896 2354
2897 2355
2898 2356
2899 2357
2900 2358
2901 2359
2902 2360
2903 2361
2904 2362
2905 2363
2906 2364
2907 2365
2908 2366
2909 2367
2910 2368
2911 2369
2912 2370
2913 2371
2914 2372
2915 2373
2916 2374
2917 2375
2918 2376
2919 2377
2920 2378
2921 2379
2922 2380
2923 2381
2924 2382
2925 2383
2926 2384
2927 2385
2928 2386
2929 2387
2930 2388
2931 2389
2932 2390
2933 2391
2934 2392
2935 2393
2936 2394
2937 2395
2938 2396
2939 2397
2940 2398
2941 2399
2942 2400
2943 2401
2944 2402
2945 2403
2946 2404
2947 2405
2948 2406
2949 2407
2950 2408
2951 2409
2952 2410
2954 2411
2955 2412
2956 2413
2957 2414
2958 2415
2959 2416
2960 2417
2961 2418
2962 2419
2963 2420
2964 2421
2965 2422
2966 2423
2967 2424
2968 2425
2969 2426
2970 2427
2971 2428
2972 2429
2973 2430
2974 2431
2975 2432
2976 2433
2977 2434
2978 2435
2979 2436
2980 2437
2981 2438
2982 2439
2983 2440
2984 2441
2985 2442
2986 2443
2987 2444
2988 2445
2989 2446
2990 2447
2991 2448
2992 2449
2993 2450
2994 2451
2995 2452
2996 2453
2997 2454
2998 2455
2999 2456
3000 2457
3001 2458
3002 2459
3003 2460
3004 2461
3005 2462
3006 2463
3007 2464
3008 2465
3009 2466
3010 2467
3011 2468
3012 2469
3013 2470
3014 2471
3015 2472
3016 2473
3017 2474
3018 2475
3019 2476
3020 2477
3021 2478
3022 2479
3023 2480
3024 2481
3025 2482
3026 2483
3027 2484
3028 2485
3029 2486
3030 2487
3031 2488
3032 2489
3033 2490
3034 2491
3035 2492
3036 2493
3037 2494
3038 2495
3039 2496
3040 2497
3041 2498
3042 2499
3043 2500
3044 2501
3045 2502
3046 2503
3047 2504
3048 2505
3049 2506
3050 2507
3051 2508
3052 2509
3053 2510
3054 2511
3055 2512
3056 2513
3057 2514
3058 2515
3059 2516
3060 2517
3061 2518
3062 2519
3063 2520
3064 2521
3065 2522
3066 2523
3067 2524
3068 2525
3069 2526
3070 2527
3071 2528
3072 2529
3073 2530
3074 2531
3075 2532
3076 2533
3077 2534
3078 2535
3079 2536
3080 2537
3081 2538
3082 2539
3083 2540
3084 2541
3085 2542
3086 2543
3087 2544
3088 2545
3089 2546
3090 2547
3091 2548
3092 2549
3093 2550
3094 2551
3095 2552
3096 2553
3097 2554
3098 2555
3099 2556
3100 2557
3101 2558
3102 2559
3103 2560
3104 2561
3105 2562
3106 2563
3107 2564
3108 2565
3109 2566
3110 2567
3111 2568
3112 2569
3113 2570
3114 2571
3115 2572
3125 2573
3126 2574
3127 2575
3128 2576
3129 2577
3130 2578
3131 2579
3132 2580
3133 2581
3134 2582
3135 2583
3136 2584
3137 2585
3138 2586
3139 2587
3140 2588
3141 2589
3142 2590
3143 2591
3144 2592
3145 2593
3146 2594
3147 2595
3148 2596
3149 2597
3150 2598
3151 2599
3152 2600
3153 2601
3154 2602
3155 2603
3156 2604
3157 2605
3158 2606
3159 2607
3160 2608
3161 2609
3162 2610
3163 2611
3164 2612
3165 2613
3166 2614
3167 2615
3168 2616
3169 2617
3170 2618
3171 2619
3172 2620
3173 2621
3174 2622
3175 2623
3176 2624
3177 2625
3178 2626
3179 2627
3180 2628
3181 2629
3182 2630
3183 2631
3184 2632
3185 2633
3186 2634
3187 2635
3188 2636
3189 2637
3190 2638
3191 2639
3192 2640
3193 2641
3194 2642
3195 2643
3196 2644
3197 2645
3198 2646
3199 2647
3200 2648
3201 2649
3202 2650
3203 2651
3204 2652
3205 2653
3206 2654
3207 2655
3211 2656
3212 2657
3213 2658
3214 2659
3215 2660
3216 2661
3220 2662
3221 2663
3222 2664
3223 2665
3224 2666
3225 2667
3226 2668
3227 2669
3228 2670
3229 2671
3230 2672
3231 2673
3232 2674
3233 2675
3234 2676
3235 2677
3236 2678
3237 2679
3238 2680
3239 2681
3240 2682
3241 2683
3242 2684
3243 2685
3244 2686
3245 2687
3246 2688
3247 2689
3248 2690
3249 2691
3250 2692
3251 2693
3252 2694
3253 2695
3254 2696
3255 2697
3256 2698
3257 2699
3258 2700
3259 2701
3260 2702
3261 2703
3262 2704
3263 2705
3264 2706
3265 2707
3266 2708
3267 2709
3268 2710
3269 2711
3270 2712
3271 2713
3272 2714
3273 2715
3274 2716
3275 2717
3276 2718
3277 2719
3278 2720
3279 2721
3280 2722
3281 2723
3282 2724
3283 2725
3284 2726
3285 2727
3286 2728
3287 2729
3288 2730
3289 2731
3290 2732
3291 2733
3292 2734
3293 2735
3294 2736
3295 2737
3296 2738
3297 2739
3298 2740
3299 2741
3300 2742
3301 2743
3302 2744
3303 2745
3304 2746
3305 2747
3306 2748
3307 2749
3308 2750
3309 2751
3310 2752
3311 2753
3312 2754
3313 2755
3314 2756
3315 2757
3316 2758
3318 2759
3319 2760
3320 2761
3321 2762
3322 2763
3323 2764
3324 2765
3325 2766
3326 2767
3327 2768
3328 2769
3329 2770
3332 2771
3333 2772
3334 2773
3335 2774
3336 2775
3337 2776
3338 2777
3339 2778
3340 2779
3343 2780
3344 2781
3345 2782
3346 2783
3347 2784
3348 2785
3349 2786
3350 2787
3351 2788
3352 2789
3353 2790
3354 2791
3355 2792
3356 2793
3357 2794
3358 2795
3359 2796
3360 2797
3361 2798
3362 2799
3363 2800
3364 2801
3365 2802
3366 2803
3367 2804
3368 2805
3369 2806
3370 2807
3371 2808
3372 2809
3373 2810
3374 2811
3375 2812
3376 2813
3377 2814
3378 2815
3379 2816
3380 2817
3381 2818
3382 2819
3383 2820
3384 2821
3385 2822
3386 2823
3387 2824
3388 2825
3389 2826
3390 2827
3391 2828
3392 2829
3393 2830
3394 2831
3395 2832
3396 2833
3397 2834
3398 2835
3399 2836
3400 2837
3401 2838
3402 2839
3403 2840
3404 2841
3405 2842
3406 2843
3407 2844
3408 2845
3409 2846
3410 2847
3411 2848
3412 2849
3413 2850
3414 2851
3415 2852
3416 2853
3417 2854
3418 2855
3419 2856
3420 2857
3421 2858
3422 2859
3423 2860
3424 2861
3425 2862
3426 2863
3427 2864
3428 2865
3429 2866
3430 2867
3431 2868
3432 2869
3433 2870
3434 2871
3435 2872
3436 2873
3437 2874
3438 2875
3439 2876
3440 2877
3441 2878
3442 2879
3443 2880
3444 2881
3445 2882
3446 2883
3447 2884
3448 2885
3449 2886
3450 2887
3451 2888
3452 2889
3453 2890
3454 2891
3455 2892
3456 2893
3457 2894
3458 2895
3459 2896
3460 2897
3461 2898
3462 2899
3463 2900
3464 2901
3465 2902
3466 2903
3467 2904
3468 2905
3469 2906
3470 2907
3471 2908
3472 2909
3473 2910
3474 2911
3475 2912
3476 2913
3477 2914
3478 2915
3479 2916
3480 2917
3481 2918
3482 2919
3483 2920
3484 2921
3485 2922
3486 2923
3487 2924
3488 2925
3489 2926
3490 2927
3491 2928
3492 2929
3493 2930
3494 2931
3495 2932
3496 2933
3497 2934
3498 2935
3499 2936
3500 2937
3501 2938
3502 2939
3503 2940
3504 2941
3505 2942
3506 2943
3507 2944
3508 2945
3509 2946
3510 2947
3511 2948
3512 2949
3513 2950
3514 2951
3515 2952
3516 2953
3517 2954
3518 2955
3519 2956
3520 2957
3521 2958
3522 2959
3523 2960
3524 2961
3525 2962
3526 2963
3527 2964
3528 2965
3529 2966
3530 2967
3531 2968
3532 2969
3533 2970
3534 2971
3535 2972
3536 2973
3537 2974
3538 2975
3539 2976
3540 2977
3541 2978
3542 2979
3543 2980
3544 2981
3545 2982
3546 2983
3547 2984
3548 2985
3549 2986
3550 2987
3551 2988
3552 2989
3553 2990
3554 2991
3555 2992
3556 2993
3557 2994
3558 2995
3559 2996
3560 2997
3561 2998
3562 2999
3563 3000
3564 3001
3565 3002
3566 3003
3567 3004
3568 3005
3569 3006
3570 3007
3571 3008
3572 3009
3573 3010
3574 3011
3575 3012
3576 3013
3577 3014
3578 3015
3579 3016
3580 3017
3581 3018
3582 3019
3583 3020
3584 3021
3585 3022
3586 3023
3587 3024
3588 3025
3589 3026
3590 3027
3591 3028
3592 3029
3593 3030
3594 3031
3595 3032
3596 3033
3597 3034
3598 3035
3599 3036
3600 3037
3601 3038
3602 3039
3603 3040
3604 3041
3605 3042
3606 3043
3607 3044
3608 3045
3609 3046
3610 3047
3611 3048
3612 3049
3613 3050
3614 3051
3615 3052
3616 3053
3617 3054
3618 3055
3619 3056
3620 3057
3621 3058
3622 3059
3623 3060
3624 3061
3625 3062
3626 3063
3627 3064
3628 3065
3629 3066
3630 3067
3631 3068
3632 3069
3633 3070
3634 3071
3635 3072
3636 3073
3637 3074
3638 3075
3639 3076
3640 3077
3641 3078
3642 3079
3643 3080
3644 3081
3645 3082
3646 3083
3647 3084
3648 3085
3649 3086
3650 3087
3651 3088
3652 3089
3653 3090
3654 3091
3655 3092
3656 3093
3657 3094
3658 3095
3659 3096
3660 3097
3661 3098
3662 3099
3663 3100
3664 3101
3665 3102
3666 3103
3667 3104
3668 3105
3669 3106
3670 3107
3671 3108
3672 3109
3673 3110
3674 3111
3675 3112
3676 3113
3677 3114
3678 3115
3679 3116
3680 3117
3681 3118
3682 3119
3683 3120
3684 3121
3685 3122
3686 3123
3687 3124
3688 3125
3689 3126
3690 3127
3691 3128
3692 3129
3693 3130
3694 3131
3695 3132
3696 3133
3697 3134
3698 3135
3699 3136
3700 3137
3701 3138
3702 3139
3703 3140
3704 3141
3705 3142
3706 3143
3707 3144
3708 3145
3709 3146
3710 3147
3711 3148
3712 3149
3713 3150
3714 3151
3715 3152
3716 3153
3717 3154
3718 3155
3719 3156
3720 3157
3721 3158
3722 3159
3723 3160
3724 3161
3725 3162
3726 3163
3727 3164
3728 3165
3729 3166
3730 3167
3731 3168
3732 3169
3733 3170
3734 3171
3735 3172
3736 3173
3737 3174
3738 3175
3739 3176
3740 3177
3741 3178
3742 3179
3743 3180
3744 3181
3745 3182
3746 3183
3747 3184
3748 3185
3749 3186
3750 3187
3751 3188
3752 3189
3753 3190
3754 3191
3755 3192
3756 3193
3757 3194
3758 3195
3759 3196
3760 3197
3761 3198
3762 3199
3763 3200
3764 3201
3765 3202
3766 3203
3767 3204
3768 3205
3769 3206
3770 3207
3771 3208
3772 3209
3773 3210
3774 3211
3775 3212
3776 3213
3777 3214
3778 3215
3779 3216
3780 3217
3781 3218
3782 3219
3783 3220
3784 3221
3785 3222
3786 3223
3787 3224
3788 3225
3789 3226
3790 3227
3791 3228
3792 3229
3793 3230
3794 3231
3795 3232
3796 3233
3797 3234
3798 3235
3799 3236
3800 3237
3801 3238
3802 3239
3803 3240
3804 3241
3805 3242
3806 3243
3807 3244
3808 3245
3809 3246
3810 3247
3811 3248
3812 3249
3813 3250
3814 3251
3815 3252
3816 3253
3817 3254
3818 3255
3819 3256
3820 3257
3821 3258
3822 3259
3823 3260
3824 3261
3825 3262
3826 3263
3827 3264
3828 3265
3829 3266
3830 3267
3831 3268
3832 3269
3833 3270
3834 3271
3835 3272
3836 3273
3837 3274
3838 3275
3839 3276
3840 3277
3841 3278
3842 3279
3843 3280
3844 3281
3845 3282
3846 3283
3847 3284
3848 3285
3849 3286
3850 3287
3851 3288
3852 3289
3853 3290
3855 3291
3856 3292
3857 3293
3858 3294
3859 3295
3860 3296
3861 3297
3862 3298
3863 3299
3864 3300
3865 3301
3866 3302
3867 3303
3868 3304
3869 3305
3870 3306
3871 3307
3872 3308
3873 3309
3874 3310
3875 3311
3876 3312
3877 3313
3878 3314
3879 3315
3880 3316
3881 3317
3882 3318
3883 3319
3884 3320
3885 3321
3886 3322
3887 3323
3888 3324
3889 3325
3890 3326
3891 3327
3892 3328
3893 3329
3894 3330
3895 3331
3896 3332
3897 3333
3898 3334
3899 3335
3900 3336
3901 3337
3902 3338
3903 3339
3904 3340
3905 3341
3906 3342
3907 3343
3908 3344
3909 3345
3910 3346
3911 3347
3912 3348
3913 3349
3914 3350
3915 3351
3916 3352
3917 3353
3918 3354
3919 3355
3920 3356
3921 3357
3922 3358
3923 3359
